0.537
0.600
0.952
0.909
0.833
0.875
0.556
0.600
0.968
0.900
0.706
0.667
1.000
0.889
0.960
0.706
0.583
0.952
1.000
1.000
0.909
0.471
0.857
1.000
0.889
0.769
0.588
0.900
0.750
0.971
0.714
0.857
1.000
0.909
0.667
1.000
0.842
0.875
0.667
0.600
0.600
0.600
0.889
0.909
0.933
0.400
1.000
1.000
0.824
0.941
0.941
0.947
1.000
0.815
0.870
0.533
0.909
0.900
1.000
0.842
0.471
0.727
0.933
0.923
0.727
0.750
0.867
0.947
0.737
0.706
0.667
0.667
0.588
0.783
0.900
1.000
0.632
1.000
0.842
0.714
0.857
0.588
0.857
1.000
0.947
0.923
0.875
0.900
0.762
0.750
0.556
0.824
0.900
0.857
1.000
0.875
0.588
0.900
0.800
0.667
0.625
0.952
0.600
0.842
0.333
0.909
0.706
0.625
0.714
0.960
0.667
0.800
0.632
0.588
0.800
0.941
0.933
0.900
0.875
0.833
0.625
0.923
1.000
0.769
0.769
0.714
0.818
0.615
0.857
0.900
0.857
1.000
0.842
0.933
0.571
0.875
0.947
0.923
0.947
0.960
0.966
0.909
0.667
0.900
0.857
0.875
0.947
0.960
0.625
0.471
0.667
0.875
0.833
0.941
0.900
0.714
0.778
0.857
0.909
0.769
0.615
0.769
0.875
0.769
0.933
0.600
0.842
0.667
0.400
0.667
0.857
0.952
0.923
0.909
0.889
0.875
0.800
0.909
0.875
0.933
0.778
0.842
0.625
0.909
0.900
1.000
0.933
0.800
0.778
0.706
0.571
0.923
0.632
0.909
0.900
0.857
0.762
0.667
0.769
0.778
0.615
0.632
0.667
0.857
0.600
0.960
0.900
0.750
0.353
0.889
0.833
0.800
0.769
0.706
0.833
0.909
0.556
0.632
0.706
0.600
0.800
0.875
0.833
1.000
0.632
0.909
1.000
0.526
0.909
0.800
0.947
0.947
0.533
0.706
0.250
0.632
0.900
0.882
1.000
0.667
0.857
0.857
0.714
0.667
0.632
0.889
0.875
0.632
0.600
0.632
0.880
0.889
0.870
0.800
0.571
0.857
0.750
0.875
1.000
0.857
0.333
0.286
0.600
0.714
0.833
0.625
0.462
0.556
0.833
0.971
0.545
0.588
0.941
0.875
0.778
0.727
0.556
0.353
0.600
0.667
0.720
0.917
0.900
0.750
0.889
0.833
0.769
0.947
0.889
0.400
0.625
0.889
0.923
0.571
0.800
0.933
0.875
0.667
0.571
0.889
0.870
0.800
0.783
0.667
0.818
0.941
0.632
0.526
1.000
0.667
0.750
0.750
0.706
0.857
0.533
0.600
0.571
0.909
0.889
0.600
0.667
0.667
0.600
0.833
0.714
0.625
0.833
0.600
0.667
0.750
0.750
0.714
1.000
0.833
0.706
0.667
0.545
0.917
0.900
0.600
0.706
0.750
0.625
0.364
0.556
0.778
0.824
0.609
0.900
0.833
0.769
0.667
0.800
0.625
0.889
0.714
0.762
0.625
0.875
0.947
0.889
0.786
0.400
0.857
0.667
0.750
0.462
0.857
0.778
0.833
0.533
0.750
0.923
0.778
0.400
0.625
0.600
0.842
0.909
0.545
0.571
0.824
0.923
0.889
0.769
0.800
0.952
0.778
0.533
0.769
0.941
0.667
0.769
0.917
0.769
0.667
0.857
0.833
0.706
0.308
0.889
0.667
0.632
0.571
0.800
0.857
0.632
0.842
0.778
0.750
0.923
0.783
0.909
0.800
0.952
1.000
0.308
0.952
0.778
0.769
0.769
0.857
0.667
0.833
0.625
0.667
0.625
0.875
0.727
1.000
1.000
0.941
0.600
0.889
0.600
0.667
0.632
0.667
0.286
0.400
0.824
0.923
0.824
0.857
0.706
0.947
0.667
0.824
0.818
0.571
0.600
0.667
0.933
0.889
0.706
0.889
0.800
0.769
0.667
0.667
0.857
0.833
0.714
0.769
0.667
0.800
0.615
1.000
0.625
0.588
0.737
0.833
0.778
0.875
0.833
0.400
0.923
0.600
0.625
0.824
0.952
0.750
0.471
0.842
0.923
0.471
0.952
0.800
0.571
0.800
0.769
0.706
0.400
0.632
0.667
0.667
0.933
0.933
0.769
0.500
0.667
0.632
0.600
0.769
0.750
0.769
0.875
0.500
0.842
0.571
0.769
0.857
0.941
0.800
0.909
0.941
0.824
0.526
0.769
0.667
0.952
0.714
0.800
0.800
0.333
0.706
0.556
0.800
0.571
0.870
0.222
0.875
0.235
0.750
0.824
0.750
0.800
0.947
0.625
0.600
0.833
0.769
1.000
0.667
0.714
0.706
0.800
0.960
0.714
0.250
0.706
0.824
0.800
0.571
1.000
0.632
0.800
0.762
0.900
0.933
0.875
0.889
0.769
0.556
0.800
0.857
0.625
0.941
0.857
0.750
0.667
0.778
0.800
0.759
0.750
0.737
0.400
0.700
0.556
1.000
0.353
0.952
0.909
0.947
0.800
0.556
0.714
0.588
1.000
0.533
0.667
0.769
0.909
0.545
0.714
0.632
0.429
0.632
0.714
0.571
0.500
0.353
0.333
0.471
0.308
0.333
0.250
0.375
0.333
0.571
0.267
0.235
0.286
0.222
0.308
0.632
0.222
0.286
0.250
0.769
0.500
0.588
0.667
0.400
0.462
0.333
0.250
0.462
0.400
0.471
0.632
0.421
0.333
0.429
0.444
0.235
0.471
0.333
0.421
0.308
0.714
0.556
0.600
0.471
0.632
0.600
0.308
0.429
0.250
0.429
0.750
0.875
0.400
0.625
0.267
0.556
0.632
0.667
