0.310
13.664
12.096
10.808
5.353
6.262
3.363
5.893
5.869
14.581
3.509
8.930
9.975
5.860
4.286
1.543
6.301
3.155
6.262
6.262
7.677
7.283
6.301
7.560
8.465
10.368
8.967
1.482
5.582
14.581
14.581
5.405
2.702
0.885
0.855
13.664
13.887
13.482
11.131
5.253
1.543
7.464
3.534
1.163
1.163
3.729
0.855
5.582
2.379
5.891
10.774
10.774
0.855
4.673
4.730
7.083
6.792
7.373
12.329
9.208
10.796
11.403
10.070
13.482
2.462
3.534
9.321
9.321
10.199
8.383
3.363
1.543
1.543
0.885
0.855
5.218
0.885
0.885
1.543
2.379
1.543
4.267
1.534
2.379
8.967
8.967
8.967
8.465
8.801
8.465
8.465
12.096
2.379
2.379
2.379
12.096
10.774
9.407
7.056
4.848
1.482
4.848
1.163
8.048
2.379
2.379
3.534
2.379
3.534
5.668
2.379
8.048
7.931
5.181
8.530
8.070
8.530
8.530
1.482
1.163
1.543
14.581
8.939
5.181
10.629
7.560
3.069
6.270
9.618
8.668
8.668
2.462
4.267
9.876
7.283
6.792
8.093
12.096
1.163
0.855
0.855
0.885
2.379
2.379
2.379
8.285
2.379
1.163
11.942
0.885
5.668
2.379
2.379
4.112
2.379
13.328
5.668
2.379
2.379
2.379
9.008
7.430
12.138
3.534
10.354
2.379
7.463
2.379
4.730
3.729
3.729
2.379
6.301
2.379
3.729
4.730
11.663
6.749
6.270
2.379
2.379
6.301
1.163
4.730
2.379
2.379
2.379
6.749
5.181
6.749
5.181
2.379
7.376
2.379
5.833
0.855
6.637
14.175
5.668
2.379
3.225
6.749
12.635
2.379
4.730
5.245
0.855
2.462
6.270
7.141
0.885
5.253
8.805
6.439
1.163
10.368
2.462
4.730
6.301
3.534
5.253
6.301
7.866
5.833
1.163
3.534
3.534
10.512
4.730
8.057
4.730
5.833
13.328
2.379
10.956
2.379
2.379
9.537
4.267
6.270
2.379
13.482
6.637
8.967
2.379
2.379
3.363
8.595
1.163
6.637
2.379
13.887
2.379
3.729
2.379
4.730
5.585
3.729
5.245
0.855
8.103
10.709
8.103
5.582
5.582
2.462
6.637
6.637
10.573
8.237
5.585
10.819
7.463
7.463
2.379
7.463
5.833
8.592
2.379
4.040
3.363
9.668
2.379
2.379
4.267
6.301
2.379
8.595
1.163
2.462
5.995
8.939
5.833
7.028
5.833
5.833
2.379
2.379
2.379
12.876
4.730
6.301
6.301
0.885
9.396
5.181
5.253
5.582
12.383
5.833
4.267
9.404
2.462
5.253
5.833
6.749
6.270
10.785
10.150
6.301
2.462
2.379
