0.535
7.852
7.349
10.423
5.886
7.099
2.306
5.710
7.739
8.255
7.142
7.686
7.690
8.054
8.871
4.910
4.946
6.547
8.890
7.817
7.678
0.000
4.470
7.912
7.270
7.896
4.263
2.306
8.087
2.334
8.593
5.646
7.905
10.882
7.765
3.979
9.645
6.715
6.866
4.946
4.910
3.258
2.334
8.924
6.762
8.418
2.855
9.598
7.712
6.389
8.502
8.311
9.167
6.652
5.414
7.723
2.332
6.460
7.585
9.167
10.322
4.470
6.028
5.855
8.031
5.885
3.258
8.886
8.670
5.206
3.258
2.334
2.334
4.402
6.763
7.585
8.479
3.258
8.579
8.372
2.306
6.725
4.402
8.064
7.690
6.538
7.905
5.838
7.585
6.125
3.979
4.402
6.484
9.422
7.585
7.276
8.233
4.402
8.143
6.880
4.053
4.524
9.251
3.337
6.131
1.290
6.838
3.979
2.306
4.836
7.519
5.176
2.334
3.979
2.306
0.000
5.142
9.167
5.442
8.435
9.114
7.806
5.279
7.870
8.414
4.402
3.907
2.306
7.107
4.470
7.600
7.585
6.061
9.095
7.549
8.233
3.012
5.739
9.049
10.659
8.849
7.591
9.841
5.267
3.292
8.343
10.388
5.442
8.435
9.403
3.012
1.532
5.654
5.739
7.327
9.162
8.435
2.306
7.544
6.428
7.143
6.182
5.053
4.402
6.561
5.073
7.742
5.204
6.693
2.334
3.337
4.861
3.037
10.011
8.245
9.416
7.413
9.123
6.616
7.327
9.114
8.233
5.142
6.101
4.385
4.235
7.427
8.321
8.528
4.402
5.922
6.205
2.334
7.445
3.258
7.809
11.632
2.224
6.028
3.979
4.402
4.076
4.836
2.224
3.907
6.061
2.334
11.000
7.585
5.988
3.337
5.408
7.490
6.725
6.331
2.334
4.402
7.439
3.292
4.518
2.334
1.290
3.848
5.585
3.800
9.614
6.257
8.006
10.203
2.306
8.437
4.693
6.825
7.427
3.140
2.334
0.596
5.710
7.585
8.006
7.374
3.292
7.125
7.372
4.053
2.332
2.334
6.715
5.585
5.710
5.710
4.518
7.995
8.502
7.809
6.452
2.645
6.530
4.752
6.561
8.052
9.104
0.802
0.802
4.508
6.109
5.896
2.645
2.645
4.402
3.800
8.593
6.394
4.402
5.408
6.505
5.585
5.885
4.402
3.337
4.518
4.969
6.538
10.096
8.716
7.508
6.616
5.073
8.531
7.427
7.076
0.802
2.306
7.143
8.752
3.337
7.544
6.625
7.099
5.279
6.257
7.519
7.393
6.061
7.585
3.258
8.206
7.187
2.334
2.332
9.482
5.885
2.334
6.880
5.395
6.583
3.848
4.969
3.140
7.143
8.956
4.969
3.907
7.142
2.334
4.402
4.402
2.306
4.861
3.734
2.334
2.334
9.006
4.936
10.534
3.800
2.334
2.334
2.620
7.782
7.381
3.337
3.258
6.880
2.306
0.802
5.279
6.394
9.114
5.268
10.355
4.402
3.292
5.710
6.932
2.306
7.608
3.979
6.028
4.402
6.866
6.825
9.468
5.414
3.337
4.004
2.645
3.144
2.298
7.990
5.679
5.267
2.298
2.334
9.295
5.973
2.620
2.306
2.334
7.451
8.856
3.337
5.118
6.854
8.031
6.550
6.133
6.452
8.094
8.886
3.140
5.073
7.380
2.620
4.235
11.000
5.967
3.848
8.905
5.646
5.710
0.802
5.371
3.907
4.969
6.962
6.061
6.654
2.334
7.544
6.484
4.076
6.654
7.585
6.838
7.279
9.123
10.554
0.596
9.560
4.946
7.823
4.402
6.061
4.076
7.490
4.402
6.547
4.402
8.418
6.019
8.464
7.735
8.170
4.969
6.729
3.336
5.710
2.334
4.402
0.596
3.037
5.922
7.591
5.715
6.061
3.979
7.078
3.140
5.911
7.264
3.611
2.334
5.718
8.218
5.408
3.979
5.408
4.004
4.861
2.645
3.140
4.004
5.073
5.073
5.073
5.589
7.613
4.385
11.098
5.073
3.292
6.685
4.235
6.000
6.460
3.800
2.620
7.114
2.620
4.235
7.958
6.826
5.841
2.620
7.035
3.734
3.140
8.435
3.258
3.886
4.752
4.263
2.334
2.855
0.000
5.710
2.334
2.334
5.352
8.298
2.306
3.611
2.334
4.969
4.969
4.263
2.334
4.583
8.233
2.855
7.451
2.334
6.247
5.958
5.408
6.616
6.838
8.054
8.558
2.306
6.949
3.258
8.319
2.306
6.125
6.428
3.337
6.725
2.306
9.104
2.334
6.838
0.802
7.061
0.802
3.979
6.394
7.024
6.676
8.435
4.402
6.109
6.440
5.081
9.251
3.800
5.819
5.691
4.693
9.162
4.263
0.596
3.979
7.428
6.428
2.334
10.217
4.910
6.616
6.125
6.763
5.442
5.206
9.721
6.109
4.402
5.733
9.614
5.081
6.380
7.269
6.205
4.946
6.561
6.061
5.414
5.720
5.268
3.140
5.973
4.402
4.946
3.337
7.544
6.838
7.585
6.676
2.306
2.306
2.332
7.374
2.645
4.385
5.073
8.343
2.298
5.162
6.263
3.337
3.979
4.934
2.036
3.292
1.290
0.596
1.532
0.802
0.596
0.596
2.298
0.000
0.000
0.596
3.140
0.596
0.596
0.596
0.596
0.596
4.004
0.596
0.000
0.596
0.596
0.000
3.800
2.332
2.334
3.734
3.337
0.000
2.691
0.802
0.596
2.334
1.532
1.532
2.334
1.532
0.596
3.337
1.532
0.802
2.036
0.802
1.532
0.802
4.402
2.306
3.258
1.532
3.258
2.334
0.596
1.290
0.802
1.290
3.258
5.206
0.000
0.596
3.258
0.802
2.306
3.258
6.486
