0.347
0.998
1.000
1.000
0.987
0.933
0.739
0.974
0.975
0.091
1.000
0.995
0.100
0.995
0.999
0.998
0.983
0.548
0.071
0.071
0.810
0.726
0.875
0.893
0.966
0.955
0.083
0.717
0.981
0.909
1.000
0.995
0.390
0.621
1.000
0.999
0.993
0.903
0.179
0.188
0.996
1.000
0.999
0.998
0.690
0.077
0.629
0.994
0.091
0.368
0.225
0.289
0.580
0.130
0.752
0.257
0.898
0.999
0.999
0.173
0.844
0.826
0.987
0.932
1.000
1.000
0.998
1.000
1.000
1.000
1.000
1.000
0.479
0.323
0.999
0.997
0.995
1.000
0.832
0.680
0.056
0.548
0.290
0.122
0.982
0.290
0.449
0.680
0.395
0.680
0.524
0.536
0.136
0.042
0.989
0.995
0.997
1.000
0.996
0.952
0.909
0.999
0.147
0.126
0.178
1.000
0.999
0.998
0.966
0.921
0.793
0.921
0.368
0.992
0.126
0.126
0.281
0.117
0.264
0.050
0.745
0.136
0.999
0.988
0.693
0.997
0.969
0.995
0.995
0.523
0.368
0.629
0.999
0.981
0.790
1.000
0.981
0.820
0.872
0.989
0.998
0.995
0.734
0.524
0.167
0.991
0.962
0.920
0.987
1.000
0.203
0.173
0.071
0.188
0.290
0.147
0.126
0.110
0.965
0.337
0.311
0.999
0.229
0.719
0.223
0.126
0.906
0.136
0.989
0.091
0.760
0.664
0.117
0.161
0.982
0.890
0.989
0.418
0.083
0.981
0.136
0.942
0.198
0.585
0.480
0.629
0.161
0.780
0.161
0.519
0.679
0.999
0.890
0.895
0.161
0.253
0.717
0.289
0.739
0.223
0.136
0.136
0.890
0.989
0.858
0.617
0.126
1.000
0.136
0.540
0.173
0.091
0.998
0.995
0.630
0.136
0.071
0.857
0.924
0.999
0.126
0.629
0.698
0.083
0.188
0.071
0.542
0.872
0.929
0.246
0.071
0.774
0.874
0.083
0.997
0.311
0.993
0.542
0.585
0.856
0.323
0.748
0.780
1.000
0.662
0.311
0.249
0.301
0.999
0.548
0.989
0.585
0.698
0.996
0.147
1.000
0.161
0.117
0.924
0.648
0.872
0.147
0.983
0.995
1.000
0.161
0.178
0.077
0.868
0.984
0.337
0.067
0.627
0.198
0.999
0.110
0.519
0.161
0.459
0.995
0.519
0.618
0.229
0.996
1.000
0.989
0.680
0.752
0.508
0.702
0.662
0.993
0.993
0.995
0.966
0.916
0.916
0.178
0.942
0.622
0.997
0.730
0.978
0.739
0.999
0.130
0.188
0.580
0.717
0.198
0.994
0.253
0.453
0.091
0.967
0.904
0.622
0.986
0.540
0.764
0.161
0.147
0.173
0.998
0.752
0.850
0.780
0.290
0.111
0.934
0.585
0.856
0.810
0.993
0.578
0.580
0.077
0.999
0.580
0.781
0.477
0.874
0.850
0.986
0.920
0.071
0.689
0.479
0.161
