0.624
0.966
1.000
0.727
0.737
0.909
0.824
0.750
0.824
0.870
0.545
0.571
0.133
1.000
0.875
1.000
0.909
0.545
0.857
0.880
0.900
0.783
0.571
0.462
0.909
0.909
1.000
1.000
0.952
0.947
0.909
0.952
0.667
1.000
0.526
0.400
0.952
0.870
0.211
0.778
0.933
0.933
0.929
0.889
0.800
0.800
0.857
0.800
0.727
0.941
0.875
0.857
0.800
0.800
0.923
0.615
0.889
0.769
0.545
0.286
0.966
0.333
0.800
0.667
0.632
0.833
0.667
0.267
0.917
0.267
0.857
0.667
0.947
0.615
0.947
0.667
0.900
0.889
1.000
0.706
0.800
1.000
0.875
0.933
0.500
0.909
0.857
0.769
0.375
0.857
0.706
0.667
0.917
0.308
0.800
0.545
0.933
0.875
0.625
0.700
0.571
0.667
0.400
0.471
0.588
0.444
0.625
0.455
0.308
0.308
0.533
0.133
0.824
0.714
0.857
0.571
0.167
0.267
0.667
0.706
0.667
0.714
0.769
0.308
0.154
0.545
0.533
0.750
0.500
0.727
0.286
0.625
0.500
0.833
0.308
0.727
0.714
0.545
0.615
0.500
0.364
0.800
0.375
0.615
0.875
0.462
0.500
0.667
0.333
0.533
0.133
0.833
0.364
0.545
0.600
0.286
0.235
0.667
0.500
0.824
0.500
0.500
0.727
0.308
0.714
0.750
0.615
0.286
0.154
0.316
0.800
0.750
0.750
0.133
0.556
0.667
0.267
0.471
0.429
0.167
0.571
0.429
0.625
0.154
0.286
0.667
0.588
0.700
0.308
0.737
0.462
0.625
0.615
0.815
0.667
0.667
0.286
0.080
0.267
0.375
0.500
0.571
