0.340
0.300
0.301
1.000
0.159
0.068
0.070
0.178
0.155
0.081
0.063
0.242
0.157
0.076
0.123
0.111
0.093
0.068
0.083
0.102
0.085
0.103
0.095
1.000
1.000
0.125
0.059
0.058
0.071
0.067
0.083
0.000
0.000
0.073
0.147
0.137
1.000
1.000
0.204
0.582
1.000
0.084
0.182
0.604
0.797
0.065
0.059
0.052
0.113
0.052
0.057
0.068
0.055
0.056
0.336
0.936
0.353
0.190
0.095
0.212
0.057
0.082
0.167
0.222
0.190
0.129
0.122
0.091
0.122
0.045
0.334
0.128
0.057
0.084
0.070
0.122
0.260
0.250
0.111
0.100
0.211
0.163
0.147
0.201
0.272
0.055
0.066
0.060
0.056
0.063
0.190
0.849
0.047
0.099
0.076
0.089
0.057
0.173
0.066
0.054
0.055
0.251
0.065
0.047
0.094
0.062
0.070
0.065
0.065
0.065
0.070
0.054
0.096
0.086
0.111
0.072
0.063
0.074
0.058
0.059
0.066
0.150
0.052
0.051
0.066
0.349
0.423
0.071
0.057
0.106
0.256
0.177
0.074
0.056
0.070
0.110
0.125
0.060
0.054
0.063
0.402
0.102
0.088
0.084
0.377
0.087
0.074
0.076
0.575
0.080
0.088
0.164
0.052
1.000
0.068
0.097
0.076
0.099
0.063
0.060
0.224
0.091
0.100
0.071
0.916
0.059
0.081
0.071
0.150
0.071
0.055
0.235
0.185
0.115
0.059
0.114
0.053
0.104
0.078
0.173
0.115
0.121
0.099
0.086
0.273
0.093
0.048
0.057
0.065
0.155
0.061
0.068
0.088
0.126
0.070
0.055
0.056
0.315
0.064
0.086
0.077
0.072
0.138
0.086
0.108
0.111
0.048
0.067
0.067
0.099
0.080
0.067
