0.490
12.096
10.808
5.893
5.869
5.860
4.286
1.543
10.368
14.581
5.405
10.774
10.774
7.373
12.329
9.208
11.403
13.482
3.534
9.321
8.967
12.096
10.774
9.407
7.056
4.848
1.482
4.848
8.530
8.668
2.462
4.267
12.096
1.163
6.270
2.379
2.379
6.637
4.730
6.439
6.301
7.866
5.833
10.512
13.328
10.956
8.595
13.887
8.103
10.709
8.103
5.582
5.585
4.040
3.363
2.379
5.582
2.462
1.543
7.283
2.379
1.163
2.462
4.730
5.668
2.379
0.855
4.730
8.285
5.668
14.175
6.637
0.000
2.379
5.253
5.218
4.730
8.057
2.379
6.637
9.396
3.534
2.379
6.749
5.833
6.301
2.379
2.379
5.253
5.245
5.181
5.181
6.637
4.267
2.379
3.729
12.876
2.379
0.885
0.855
2.379
10.354
2.462
12.635
5.833
2.379
10.819
6.792
2.379
0.000
8.668
4.112
0.000
5.253
1.534
0.885
0.000
6.792
0.885
7.283
0.000
0.855
6.262
0.855
6.262
6.301
7.677
1.543
2.379
