-0.211
26.680
20.939
1.000
20.779
22.219
24.522
17.565
17.840
21.004
21.699
11.038
7.574
16.793
20.070
25.581
29.063
24.997
28.146
28.369
23.388
23.024
26.172
24.431
20.954
10.588
25.519
20.446
14.738
10.886
8.214
3.675
3.927
23.961
11.853
22.897
15.355
24.946
6.059
1.158
22.779
17.156
26.659
1.200
17.640
22.114
16.535
20.565
25.372
20.565
23.605
15.548
23.762
22.420
4.221
20.520
23.149
20.777
26.172
27.676
21.819
27.676
22.508
19.618
18.251
15.900
13.692
10.326
13.692
20.256
25.493
21.788
24.289
23.596
16.418
26.226
3.994
3.994
10.201
11.778
23.717
19.055
18.933
24.839
4.727
24.245
25.456
24.734
21.523
24.111
20.290
20.727
21.430
27.859
22.826
29.063
23.515
11.874
24.261
23.917
18.911
29.468
19.328
23.423
21.665
20.161
23.185
21.213
21.752
21.833
19.421
17.743
18.349
26.983
20.353
22.918
22.187
23.744
18.851
20.193
15.841
20.798
22.411
24.789
20.446
23.233
24.081
22.407
19.741
28.369
0.000
28.252
20.954
18.960
28.180
23.388
18.844
17.590
24.195
20.436
14.193
20.684
28.657
19.877
22.348
15.172
14.718
12.918
26.994
23.793
25.425
11.979
21.778
1.000
21.067
22.245
19.212
21.819
22.800
18.074
21.925
16.494
16.294
22.599
18.009
22.877
24.759
21.619
25.678
18.973
21.098
7.828
21.871
19.265
23.796
22.767
19.338
22.512
26.665
27.859
8.504
0.000
24.119
27.358
19.122
19.552
23.614
24.814
21.985
12.219
20.369
25.561
19.237
20.092
24.081
21.620
27.048
23.946
16.633
22.800
17.829
21.542
25.498
16.890
10.566
21.936
24.398
10.334
22.722
27.453
25.303
19.626
