0.324
0.000
0.132
1.000
0.395
0.618
0.298
0.695
0.681
0.000
0.000
0.800
0.566
0.245
0.429
0.224
0.406
0.187
0.000
0.000
0.220
0.350
0.241
1.000
0.182
0.530
0.065
0.000
0.257
0.199
0.406
0.890
0.880
0.110
0.566
0.090
1.000
1.000
0.830
0.993
1.000
0.100
0.102
0.990
0.167
0.000
0.166
0.083
0.523
0.083
0.073
0.175
0.072
0.120
0.847
0.196
0.233
0.231
0.241
0.000
0.186
0.232
0.121
0.137
0.147
0.166
0.189
0.241
0.189
0.108
0.896
0.000
0.000
0.098
0.131
0.064
0.853
0.853
0.349
0.141
0.086
0.090
0.097
0.087
0.939
0.111
0.086
0.070
0.093
0.000
0.746
1.000
0.080
0.224
0.232
0.282
0.000
0.312
0.069
0.000
0.210
0.757
0.000
0.000
0.197
0.202
0.193
0.239
0.210
0.209
0.226
0.361
0.353
0.535
0.647
0.258
0.000
0.181
0.000
0.304
0.000
0.429
0.000
0.000
0.000
0.202
0.186
0.216
0.203
0.501
0.000
0.663
0.083
0.000
0.000
0.419
0.668
0.096
0.000
0.000
0.265
0.458
0.376
0.117
0.777
0.287
0.146
0.344
1.000
0.705
0.435
0.607
0.186
1.000
0.238
0.406
0.498
0.232
0.179
0.000
0.929
0.157
0.489
0.199
1.000
0.185
0.494
0.398
0.534
0.219
0.078
0.861
0.962
0.824
0.461
0.575
0.302
0.253
0.400
0.262
0.598
0.000
0.573
0.185
0.507
0.285
0.206
0.253
0.191
0.473
0.000
0.000
0.207
0.434
0.223
0.247
0.197
0.327
0.309
0.497
0.152
0.000
0.305
0.230
0.332
0.077
0.000
0.345
0.000
0.182
0.245
0.131
