0.595
9.841
12.268
5.922
5.769
7.930
6.394
2.334
9.002
9.568
6.962
8.856
8.856
7.591
12.068
6.826
9.416
11.981
1.593
7.678
6.445
9.841
8.663
7.912
5.406
4.946
2.224
4.946
6.932
7.490
2.306
2.620
9.841
1.532
3.848
0.596
0.596
7.411
2.332
6.421
3.140
8.670
2.855
8.723
6.737
7.760
5.268
8.115
6.109
9.360
6.109
3.337
6.609
4.910
3.258
0.802
3.337
2.306
2.334
5.279
0.802
1.532
2.306
2.332
3.292
0.596
0.802
3.336
4.806
3.292
6.494
2.691
0.000
0.596
3.144
5.885
2.332
6.110
0.596
2.691
4.089
1.593
0.596
4.235
2.298
3.140
3.012
0.596
3.144
3.037
2.645
5.715
2.691
2.620
0.596
2.036
7.355
1.290
1.290
0.802
0.596
6.039
2.306
8.459
3.037
0.596
5.176
4.615
0.596
0.000
7.332
3.979
0.000
3.144
2.283
1.290
0.000
4.615
1.290
5.279
0.000
0.802
4.076
0.802
4.076
3.140
5.414
2.334
0.802
