0.294
13.664
12.096
10.808
5.353
6.262
3.363
5.893
5.869
0.000
0.000
5.860
4.286
1.543
6.301
3.155
6.262
6.262
7.677
7.283
6.301
7.560
8.465
10.368
14.581
5.405
0.855
0.000
3.534
1.163
3.729
10.774
10.774
0.855
7.083
6.792
7.373
12.329
9.208
11.403
13.482
3.534
9.321
10.199
8.383
0.000
1.543
0.885
5.218
0.885
0.885
1.543
2.379
1.534
8.967
8.465
8.801
8.465
8.465
12.096
2.379
2.379
12.096
10.774
9.407
7.056
4.848
1.482
4.848
1.163
8.530
8.070
1.482
1.163
1.543
9.618
8.668
8.668
2.462
4.267
9.876
7.283
6.792
8.093
12.096
1.163
0.855
0.855
0.885
2.379
8.285
11.942
0.885
5.668
2.379
4.112
0.000
5.668
2.379
2.379
2.379
9.008
3.534
0.000
10.354
3.729
3.729
2.379
6.301
2.379
3.729
4.730
11.663
6.749
6.270
2.379
2.379
6.301
1.163
2.379
2.379
5.181
2.379
0.855
0.000
6.637
14.175
5.668
2.379
6.749
12.635
4.730
0.855
0.000
2.462
6.270
7.141
0.885
0.000
0.000
6.439
4.730
5.253
6.301
7.866
5.833
1.163
3.534
10.512
8.057
5.833
13.328
2.379
10.956
2.379
9.537
4.267
6.270
2.379
0.000
8.595
1.163
6.637
2.379
13.887
2.379
3.729
2.379
5.585
5.245
0.855
8.103
10.709
8.103
5.582
5.582
2.462
6.637
6.637
10.573
5.585
10.819
5.833
2.379
4.040
3.363
2.379
2.379
2.379
8.595
2.462
0.000
5.833
5.833
2.379
2.379
2.379
12.876
4.730
6.301
0.885
0.000
9.396
5.181
5.253
5.582
0.000
2.462
5.253
5.833
6.301
2.462
