3432972 0
14699752 5
10221656 0
7690273 0
3596787 11
3596787 11
10221656 0
15165490 0
15165490 0
2958343 2664
2958343 2664
2959942 18
2960501 0
2960352 0
2934451 28
8521623 671
8521623 671
4198797 0
3151800 0
3151500 1
3938244 1
10285313 88
9870926 0
10624074 915
9637837 0
9908025 0
9871229 0
5526713 0
4327682 0
3481824 6
1792158 0
1514668 0
1792158 0
3563967 111
4451818 91
173761 0
9976551 0
5526713 0
8438533 90
9284015 8
9284015 8
9428293 34
9248153 0
5934029 0
328502 0
9433442 41
4204468 0
6407094 0
6404907 0
6404582 0
4931428 0
7029088 69
6863618 0
6256041 0
306426 383
312784 4
312553 9
10580535 16
10609325 410
10609556 0
10609686 0
6878071 0
6878071 0
14881303 0
3438257 114
13767239 0
3333129 0
3754295 0
3688832 0
3438661 0
10732967 0
4496872 0
4497005 0
1814755 0
3106110 0
13602401 0
3106898 0
3106722 0
4337974 0
2880546 4
4338143 0
8459648 0
7013549 6
3235560 0
14867365 0
9449282 0
4338359 0
2999757 0
9303008 837
3792048 0
11050057 0
11049938 0
3792334 1
3792334 1
9326662 0
7961480 3
3792048 0
722984 0
10280674 490
10625860 3
9762509 38
10625860 3
3404449 18
4330340 0
4330267 0
4071102 1
3746574 116
2820798 0
9876454 156
9876892 0
9877951 28
9877124 0
9876701 0
10112129 974
11185500 0
21265 2672
7555863 1326
5811214 0
13134947 244
4612722 0
7294550 0
1503061 378
7644382 4
9989045 248
7123870 0
4212282 0
5526713 0
4327682 0
3481824 6
1792158 0
1514668 0
1503061 378
7644382 4
9989045 248
7123870 0
4212282 0
10914447 0
10914331 0
9295455 0
3126707 0
2012849 0
10483530 131
6750339 0
3852908 0
10546202 25
7820497 0
12864545 0
10546202 25
7820497 0
12864545 0
9762509 38
10625860 3
9876454 156
9876892 0
9877951 28
9877124 0
9876701 0
9908025 0
9871229 0
10914447 0
10914331 0
9295455 0
3126707 0
2012849 0
3563967 111
10280674 490
10625860 3
10483530 131
6750339 0
3852908 0
14881303 0
3438257 114
13767239 0
3333129 0
3754295 0
3688832 0
3438661 0
3596787 11
10221656 0
8521623 671
3792334 1
9326662 0
7961480 3
3792048 0
722984 0
2958343 2664
2959942 18
2960501 0
2960352 0
2934451 28
306426 383
9303008 837
3792048 0
11050057 0
11049938 0
3792334 1
9284015 8
10914447 0
10914331 0
9295455 0
3126707 0
2012849 0
1792158 0
3404449 18
3563967 111
9428293 34
9248153 0
5934029 0
328502 0
9303008 837
3792048 0
11050057 0
11049938 0
3792334 1
1503061 378
7644382 4
9989045 248
7123870 0
4212282 0
9284015 8
9433442 41
4204468 0
312784 4
312553 9
8521623 671
9284015 8
21265 2672
7555863 1326
5811214 0
1792158 0
8438533 90
9284015 8
8521623 671
9908025 0
9871229 0
9762509 38
10625860 3
3792334 1
9326662 0
7961480 3
3792048 0
722984 0
9433442 41
4204468 0
2958343 2664
4198797 0
3151800 0
3151500 1
10285313 88
9870926 0
10624074 915
9637837 0
10546202 25
7820497 0
12864545 0
10112129 974
11185500 0
10483530 131
6750339 0
3852908 0
9433442 41
4204468 0
9284015 8
6878071 0
9908025 0
9871229 0
9428293 34
9248153 0
5934029 0
328502 0
8438533 90
9284015 8
4071102 1
3746574 116
8521623 671
10112129 974
11185500 0
10609325 410
10609556 0
10609686 0
4198797 0
3151800 0
3151500 1
3596787 11
10221656 0
10285313 88
9870926 0
10624074 915
9637837 0
1792158 0
14881303 0
3438257 114
13767239 0
3333129 0
3754295 0
3688832 0
3438661 0
10280674 490
10625860 3
8521623 671
2820798 0
4071102 1
3746574 116
10112129 974
11185500 0
4071102 1
3746574 116
13134947 244
4612722 0
7294550 0
6878071 0
3563967 111
3792334 1
9326662 0
7961480 3
3792048 0
722984 0
4330340 0
4330267 0
2958343 2664
9762509 38
10625860 3
6407094 0
6404907 0
9433442 41
4204468 0
13134947 244
4612722 0
7294550 0
3404449 18
15165490 0
4337974 0
2880546 4
4338143 0
8459648 0
7013549 6
3235560 0
14867365 0
9449282 0
4338359 0
2999757 0
1792158 0
312784 4
312553 9
3106110 0
13602401 0
3106898 0
3106722 0
6878071 0
7543288 19
5813229 0
9849598 0
7488340 0
13596569 0
846515 0
844254 5
7999291 0
7487695 0
5006898 0
10710632 86
2129604 0
2121620 38
10153414 0
9900153 0
3608870 0
2985606 0
2983507 0
2127808 20
901476 0
6410904 12514
2870092 288
6636524 0
7009946 249
13404248 0
7954441 0
7954211 0
6461609 0
6431740 0
6394865 0
2870526 0
14974264 19
6409752 0
6267145 2154
6255613 0
6269956 0
8062970 0
3822171 0
3082979 1467
9887034 104
3614007 7
3613873 0
3580615 1
2691156 70
13861050 0
13941806 0
3955296 0
3954731 0
4468005 124
8427629 0
7294777 0
4468476 0
3431745 0
4401088 106
6272290 0
6252138 88
33020 50915
13792842 0
6277280 7880
4404412 0
4405907 0
6277135 0
4043733 0
4041544 0
6254669 99756
8568142 0
6254475 0
14899328 0
14899888 0
14899530 0
14899152 103
13920169 0
10306279 77
6261586 8
610222 0
3247620 1944
419908 5
6715223 0
947719 0
7679356 305
13385216 0
7848338 0
9884815 0
12165384 0
7718472 0
7710616 5
12897493 0
10020890 10879
10022111 0
432356 0
10021892 0
10366966 731
10345100 22
10480730 448
10665698 257
10557854 141783
14331873 0
10667187 44
8058098 37903
8214272 0
13929588 0
8187033 77
9887850 0
8184861 0
8264897 0
8219059 0
8077711 0
13333833 5
4321534 0
4322026 0
13417071 0
13367070 0
8101937 86
8101410 66
7585208 0
14438541 0
13130305 0
13127091 0
11892637 0
11892029 0
4322387 0
4321804 0
3814727 0
1887474 0
1097292 39
8424951 0
3461385 51
8072837 0
3722288 52
7111047 11
3261776 2
14632444 0
13641534 1
13365137 0
3079230 0
2128925 4
1460457 3
7840804 0
5524615 0
15276427 0
14051494 0
5147586 0
13963192 8
5810561 0
13961399 0
13961642 5
15140405 0
15140744 0
15140892 0
10260706 0
4632157 0
6269 0
11473291 0
6515827 36
9178727 0
15225076 0
3660909 900
7977870 13
3660664 29
7977592 0
3661043 0
9213565 0
8420278 1572
9213434 6
8462066 0
13368318 3
13356402 0
9213828 0
4139859 0
2787772 15
169305 0
13384557 21
13250542 0
13384877 0
15098161 13
11395895 0
11395773 0
11395609 0
11395466 0
4598582 14
4597066 0
13386614 0
13386465 0
10886222 0
10231515 2189
10235024 0
9840217 19
14435670 0
11105463 0
11105298 0
11105054 0
3618339 0
3618219 0
3618101 0
7713895 0
11875691 0
2313008 0
10499355 337
10499857 96
10500217 0
10076033 0
4033425 0
4033287 0
2369935 0
2122878 0
2980625 0
1579410 0
9857200 12803
7913300 0
2844056 0
10502329 2
6341609 0
8794798 0
8792548 0
8792295 0
9713357 0
8585056 14
846021 0
468480 3
3378765 0
478262 0
480993 0
2802426 0
482298 0
7390945 0
775943 0
5720248 0
4039381 0
10821218 0
13970236 0
13969700 0
7515790 0
14539524 0
6773976 18
7520612 0
10702615 0
10702483 245
759500 17
11077195 0
11076965 0
11076820 0
11076566 0
11076359 0
11076079 0
11075823 0
9159859 0
9140781 0
9105003 0
9101127 0
8441203 73
6532330 24
5870916 4
5872982 3
6161718 0
611143 0
8209687 35
10249950 16672
6613686 49086
9444100 679
9444783 0
10648696 0
13881644 2
10163723 0
6828389 0
5730930 0
12145477 0
7732636 0
9979589 2697
9979321 1621
9979072 0
4417809 1017
7006119 0
8551628 0
6090869 0
6094587 0
4025748 11
9400037 0
6084469 0
14580752 0
13840958 0
28651 10
13910384 1827
8652970 489
8500433 0
6839190 0
15172212 0
6389553 0
6862202 0
4030655 0
7884567 607
14708720 71
7906111 13
7904395 2
4248851 0
3115525 0
496877 0
7903208 4
7885223 36
748515 0
7881800 866
9270508 0
839778 0
5320899 0
5657999 0
5323889 0
5703205 0
13133613 0
5302499 0
5301908 0
9362469 0
9362316 0
10335679 0
10335801 0
6721949 0
3794392 0
9827683 3
9827519 0
9918554 0
9828216 0
9827363 0
1322221 0
796767 0
10332385 83
15106674 0
10332953 0
10332861 0
5835292 0
13874927 12
6869951 2
13661273 0
13395897 0
13391967 0
6821581 0
13385913 258
4765586 0
5050379 0
14491271 0
5116128 0
13353280 19
13250398 0
13244109 472
4916342 851
8513718 139
5849040 159
4012260 0
809465 17
32613 690
14407795 0
9182524 0
8631531 0
4862005 0
809702 0
11445395 0
9428967 15
13462191 0
13381145 0
13349834 0
13349662 0
6685860 0
3177349 3927
372448 0
7206302 0
1262713 0
53913 1
7506031 0
1262868 0
1202799 0
849059 0
384933 0
228911 0
578708 0
14008806 492
1095966 0
409483 0
13524925 0
955060 787
671351 9
577068 0
13525549 0
5701363 529
869583 0
409211 0
2120997 82
2075296 325
1324431 0
1861778 3765
15388 34207
4475 978379
8436036 0
7993279 0
3745146 50
6136258 0
6055946 0
14374432 0
7523905 0
7519253 1
7524529 0
7521039 0
14404160 3
14489113 0
9366017 717
7537485 0
15294211 0
14520829 0
14389240 0
13896369 6
13836715 0
112674 0
8054076 1
7146300 0
3043274 1
10982127 0
5611302 1
5762149 0
5837957 0
10708292 82
5703956 0
5982915 0
5618849 0
14447908 0
13923779 0
5999797 1369
5636887 0
5996646 1483
5662876 0
4881623 1
893836 0
1161821 0
23271 20222
9394007 131
10552639 0
9394646 0
5731779 79
9252970 0
9358358 0
9358550 0
15207872 0
11484975 0
11189054 0
9358226 0
9450163 0
11485367 0
10674896 0
9450454 0
15163797 0
8270938 17
12251278 0
8271042 4
9818343 2558
5821486 0
6535035 0
8453722 0
6600282 0
5820620 2
5937112 20
5925366 0
6672752 0
7308889 3
729919 0
6634376 2374
5816287 514
7237561 0
8462320 0
5091527 0
7951464 1671
6591442 369
6513764 0
1014066 0
31264 150301
14621446 10
6016853 0
9792555 474
7326880 0
13844923 0
6603651 0
3147509 25
13766733 0
13904665 0
13619168 0
12267841 0
7930864 0
3148130 0
3147901 0
7929519 1
12662772 0
7929351 0
4972451 0
4381994 760
6268096 0
22903 760
6392935 0
6324669 0
21939 280552
2684 1654454
5981230 0
6310237 0
5810948 0
6132724 0
1740 0
19613 9179
5921123 0
5919866 0
14580597 0
13353858 0
6598915 6381
20090 4518
14940386 939
14480420 0
14940100 2
7119643 0
11452218 12
5035961 0
4836683 0
4633197 0
14050143 19
11452079 0
8132955 0
10570019 3515
10569744 17
10521928 0
4164868 0
8161477 0
8161591 0
3629986 19
8662570 0
4565375 683
7246932 0
6673142 1
6672953 0
5685538 82
8136260 0
6644393 0
6886488 0
4694980 0
5800611 20
633864 50
786195 57
621627 2
36762 10
798245 40
9347445 0
9555785 0
15210870 0
4692157 0
14845743 2
9225146 26994
14847357 0
4562658 0
14855724 0
7935504 6
10560637 47656
6642138 0
6681177 17
6619850 35
6642356 0
5192897 0
7218470 6
7217924 96
6681551 17
7391516 0
7220300 0
6207199 0
9233446 159
8646902 19
3640166 0
3640011 9
6209940 0
5928118 22
4677716 0
3931044 10
5937524 3
7105475 17
10027246 25
8000304 0
4675777 0
3265874 3
4362025 111
8660339 8
9451517 0
5853449 0
5612809 0
2688443 0
43195 9
7214432 0
5808218 0
7214642 0
7432119 0
6646243 57
6793231 0
6791372 2614
4217882 1
8685677 0
14301785 0
13856574 0
7286014 0
6876144 0
7276018 0
6811625 0
14013646 0
13872421 0
9313716 430
4061969 1
1062997 0
15164233 0
13651218 0
13660337 0
13776342 0
13660868 0
13660619 0
13655414 0
13655262 0
7469325 0
13659760 0
8552138 289235
5999134 0
8493064 0
14524849 109
13711060 0
8499057 0
14520278 11
9210604 0
4727214 0
10468559 0
10467395 0
10467179 9840
10468962 105
10468750 0
597265 0
6706676 14
973077 1147
13981403 0
1236296 0
801125 0
8397255 0
8274354 2
8274443 0
8274718 0
8274565 0
6647206 313
3924069 3
13596986 0
47745 0
63014 8
13403643 0
6490173 0
5121418 7
13582013 941
6892016 0
6426111 6
6807198 7
6596978 0
8480512 0
6425065 2
5096294 0
6326526 0
3835412 0
5238282 0
4230093 0
1895735 0
13962048 0
7738353 0
4230221 0
5311054 21
5614476 0
5703307 0
8523483 5213
3308297 0
9718217 0
6929279 0
9738708 0
6947479 0
9738400 0
15121406 95
6514093 150
6155567 0
15123996 0
6156752 0
10759331 215
10759151 75
9745732 0
7152259 22
6201908 11
14411981 11
5762998 0
6688274 32
5807540 0
11502695 0
7149107 0
6194216 0
165563 0
3169390 152
262249 0
4857738 0
15205532 0
13750415 0
15203791 10
15204297 0
15201505 0
8238660 0
8168978 149
8166552 0
11201061 0
8303692 0
15272029 20
1066163 0
6203758 0
1155044 0
9983572 477
10320863 15224
10320695 0
585810 0
8256968 4309
8252602 8
7447641 0
10402824 70
5898568 799
5728678 89
3954199 0
7966570 63
5122850 0
15152261 0
773814 0
8050678 102
1124794 0
5663671 0
6148148 0
13933560 9
7417644 62
1143409 5
42757 7
7366289 0
7333649 0
6726158 7
6746580 1913
565302 5
7351195 0
14082303 0
7413815 0
144632 0
13595094 0
10664850 0
7300960 9
6844903 0
6799260 0
569898 0
349369 0
3540595 1557
8054417 0
14548343 3
7355491 18
11444117 0
13962498 0
15143477 4
15143276 0
9488259 0
14562960 0
219575 0
10752093 4981
10752480 0
7417405 62
14032599 0
3483637 0
658082 70
1134861 0
4929976 0
7138085 0
7419792 0
13452347 0
45907 0
6402031 86
6597466 0
13405166 0
3602562 0
3602465 0
8049401 20105
1081628 0
14421139 0
5763916 4
13930385 0
13782769 0
13435152 0
7990377 0
8208016 523
8118991 0
14530403 0
14490319 0
5161436 0
13344804 1
6523641 0
14539826 0
8276720 21217
4146050 30
5757536 0
8275185 0
15203229 0
8277393 0
7995453 0
2994219 0
2993546 26
8521816 0
5812038 0
5463533 0
8481832 0
9904556 0
9904321 100
8514034 0
8416523 0
9904708 0
7602650 0
3965456 1883
728464 0
727500 0
725506 0
9178999 0
6739990 0
5651680 0
14379829 0
6740402 0
5819149 0
14103510 0
7260623 808
5924920 0
13817526 0
3496749 0
11033159 0
4610368 0
11401617 0
3570372 4
3569964 0
8431437 0
7184149 0
9417365 0
3120029 0
8433447 0
5045680 0
445351 0
10207370 288
10207681 0
9962966 123
5823932 253
6643408 394
6733939 1
6303888 0
15224486 2
6770875 0
5855904 0
6751974 0
15226451 0
4413723 0
6286395 282
6738162 0
7169242 0
7140659 10
7227301 0
13627327 0
9537144 0
6674188 0
4743605 9
6251033 0
8322981 70
15101854 0
2856463 0
7565259 0
3211616 0
3201208 0
3098140 0
3033986 0
2857023 0
6671637 8
6694540 0
4673668 0
10140314 7908
3450018 0
7196075 0
7143624 0
8177030 0
8544813 2868
8644722 0
8497294 28820
295701 456
7311115 39
283127 2
407535 17238
14006945 492
13440063 7
14531203 0
13518963 43
4635104 0
13837009 0
7456188 12902
1168569 52
10533013 8246
5145118 0
13303315 0
5163807 0
5141683 0
7167041 0
13303759 0
11246408 0
9612848 1534
5697363 0
7526505 0
14483744 0
13929852 0
6673435 0
14410605 68
6784003 21
5687338 20
2692232 7989
8220534 0
302394 0
3363059 0
58743 3
8220440 0
5625210 0
11481334 0
8220620 0
301192 0
13378518 8
13405646 0
37200 0
13374281 0
65855 0
6763681 5
6346681 0
5803747 0
2962545 17
6477371 2
6627006 5
14800034 0
10762342 0
6793426 0
6633205 0
6507941 0
6492939 0
6486161 0
3542333 1960
8587174 59
6762380 0
5698620 0
1218327 0
7177772 0
5795460 0
820091 0
3461119 0
50037 0
8479986 0
6479374 0
4987356 0
999787 0
5795044 5
7938773 568
5726596 386
5075602 4
7038400 0
939628 0
7369604 0
7177437 0
5755486 0
2672371 0
1210816 0
193225 0
15209413 16
15206296 0
5840188 0
9909060 0
8111419 0
6825120 26
6795967 0
4504486 0
5839024 6792
48225 0
48374 0
9810166 0
2818832 1
2819474 0
9217638 0
9217867 0
8659076 0
3650173 3
2819881 0
2819697 0
3148324 0
4558478 0
4550184 0
3049457 0
2728440 4
13927383 492
13925752 0
14411243 9
8622950 0
586262 63
5838176 0
5781541 0
15267536 0
7291312 634
6753030 0
209943 234
7177622 0
6398401 50
162632 95
14414715 0
7502576 0
1202029 0
13503673 0
1239717 0
6202686 0
5682950 51
5143077 0
5192451 0
13318584 0
13286801 16
7968702 0
431552 12
8679972 2
13827426 0
6197215 0
6650701 0
1133281 20
6786629 103
815320 4
7169480 0
5704694 0
7963711 8
8373723 0
8373544 0
8272961 0
7964495 0
870453 0
378985 5
4334599 1255
4335209 0
14516256 0
14485811 0
8225426 0
8664443 846
5611822 0
8642037 0
721431 0
13926786 0
8559508 60
8621598 2322
13947645 0
8647616 489
6401107 0
13947867 0
8619795 9
6483454 0
941604 0
2763472 2
2852523 382
8642145 0
13914608 0
7954014 0
2853016 0
13626464 0
5645199 0
4020298 0
3288225 0
2853449 55
2756601 0
562398 0
9917593 1175
9918248 1328
9918762 0
6481320 2159
1011166 0
5085867 0
8642517 0
6250771 0
7997703 256
5838765 6792
2991711 26
6484 22
2991048 4
8358594 0
2992529 104
2991555 0
2991302 5
912960 0
7006951 217
4007894 68002
522736 0
13758745 0
7213989 0
913705 121
913585 0
288970 0
5110408 0
5110185 0
7261143 13
7259145 0
13851067 106
6639674 35
6812417 2
6491786 0
5567381 0
79398 0
13754293 0
5157574 0
5109324 0
13254805 4
13408023 1
13732953 0
13273836 0
13278375 5
1120448 0
1235137 0
868910 0
5802185 75
5796423 0
14966667 14
3843092 0
14980579 0
7673397 9
7224151 9
6672297 0
7212874 0
13258362 4
13327676 0
13509196 0
67526 0
5162985 0
7287472 0
13327231 0
7340725 0
7486922 0
13709700 0
4524142 0
10870235 0
4140631 0
1888264 0
6566077 4548
8434259 392
3820474 0
3819595 0
3820950 0
3820728 9
3493664 0
3493792 0
3493333 0
3294048 522
10284064 8651
9536363 0
8060446 3434
5119223 0
5146471 0
14492373 0
13744521 1
8079852 768
3353783 0
471613 2
2799071 0
15239579 83
15236475 18
15239292 0
455599 436
456199 9145
430606 8490
2152991 5
15256567 0
13596235 0
7650449 0
5907682 0
3413828 1
583089 0
513089 0
7473441 393
8208560 7609
7985384 0
797361 13
7460546 0
1286569 0
294452 0
8457976 151
6621447 353
6593803 0
7465448 0
13791910 0
8458504 0
5862721 0
7475364 0
7540866 0
13744916 12
4178062 0
7776866 95
9426788 40
13776971 0
11521404 0
7792725 41
1982650 29
7891726 10
4964162 0
1143040 32
14873641 21
5794694 5
14031108 0
7027942 0
893955 0
729108 0
243918 4
6277803 1135
4534127 0
6277992 0
2735086 94
7325190 6
15265518 0
241699 0
867357 0
235435 8190
8653873 0
6792188 0
5157406 0
3728437 19
7470671 9
3728982 0
3728811 0
13596673 0
9900981 0
9626238 22799
7988857 0
5696020 0
4113641 0
15287830 14
8507381 0
1055688 0
466377 0
415098 0
15256714 0
9417097 0
7884266 0
7662156 0
7053089 0
6692464 0
4119892 0
3032811 0
445802 0
322228 0
13948912 0
7457834 133
1213886 0
7464725 517
7472327 0
8430568 89
6799897 1
8430203 8
13863771 59
7012534 2
11474637 0
8594286 0
5773049 0
2934168 9
8377085 0
8593262 345
13905792 0
3946325 2
3671272 944
4402057 0
1204294 0
3670849 0
582388 303
8593924 0
6260121 0
3671668 0
3671473 2500
13713003 0
13379413 8
7028373 95
7012979 0
6626286 0
5748786 0
4008385 0
15155220 244
15123115 0
15157225 151
15164957 3
15136453 0
15249236 0
15208540 0
15208333 0
14484516 0
10925772 0
15237250 0
15145012 0
14537054 1
15244505 0
4726724 0
9503682 0
9366762 0
4623113 32
5840431 0
15168790 0
7326108 0
15267945 0
13934596 475
8567235 30
14513062 0
6070929 0
10287213 171
10582746 45973
10289039 0
2472293 3
10289176 0
10288763 0
10745332 0
10288516 0
8887716 0
3716327 2
2472987 3
10787470 12152
10788852 0
9911226 0
8477634 0
220522 227
220409 0
4253437 2
13285101 0
4253751 0
7026352 115
6571938 0
3849814 100
6891493 72
550771 3
97504 0
47106 0
889472 0
6606044 0
729285 0
4703235 0
4821084 0
14182697 0
14435187 0
11455695 0
8572335 0
8273167 1
8242799 0
8273843 0
8273736 0
6262567 10
3338821 46
3338648 0
3339296 0
9622302 14
10077593 22
9622745 384
4031481 0
10633450 137
4534651 0
5951180 0
14481929 1
5888929 133
5792010 0
10129825 394
10084295 0
9992837 410
10130686 0
10130447 0
8179879 0
8178741 0
6026276 0
13779804 0
1257969 0
250259 4
13464820 0
13489037 0
7423560 0
948206 0
8549070 45
14422871 0
13464557 0
7068631 0
4846770 133
9183693 0
5168261 0
14434681 0
13963970 0
7989373 14
1036996 0
14421585 0
8740875 0
8853741 0
7771731 0
6328643 0
4747899 0
13946760 0
7296428 134
13859043 0
191142 9125
11412727 0
13387689 0
3005920 0
3005769 0
13388111 0
13387479 0
4752034 0
6193203 101
5079866 7
755863 0
13828343 0
8078020 1424
7970406 14
7970721 86
10236304 0
8107499 129
8246302 0
8227916 3
1144133 4
928371 0
8065234 102
923444 121
4865114 0
7859284 13
14792703 98
941140 0
280853 5
2671062 13
8493961 0
7310507 0
7164349 0
5046471 0
4746134 0
573268 0
410247 66
894552 0
411048 0
631378 0
5667196 9
8053576 66149
3574555 533
5669350 0
240184 0
8113797 95
3770316 0
8114004 0
314271 0
8287844 54
5751794 0
5984936 80
920510 0
14459824 0
6194409 0
917759 0
13932948 2
7231294 0
7193405 0
7208565 0
7191569 0
5098942 0
5095691 0
14706372 0
13937727 0
5099231 0
14433587 0
5169507 0
13894434 3
9923673 4656
7942152 1619
8160276 105
7971141 0
8180190 0
5814650 159
5814291 0
1060234 0
13367593 0
13260190 0
11410625 47
10373998 1450
7319909 0
3303965 0
1103614 0
5758059 0
5984584 0
7285403 1
7020895 17003
5718556 0
543233 0
5718935 0
1162529 0
795720 414
5910453 0
14625458 9
14586769 19
14627820 0
14483917 1
11418138 0
802629 0
5091770 1
14482968 0
4782878 0
6734322 1
521209 0
6505705 0
6892775 16
10755512 0
9416076 8
14696793 11
11266920 0
10535366 0
7609083 0
7064715 0
348008 0
7136711 0
7062697 0
7060976 0
3800563 3815
1002956 0
879759 518
6767035 0
5818741 0
5703429 0
2734725 5
6123363 0
610738 0
4932278 0
9466280 3
7965937 0
5809878 0
9270894 0
8179689 0
9480809 0
5670972 0
819024 0
14578940 0
13540610 0
7419599 0
1248191 0
7215948 0
13321495 0
5176188 0
6518719 3
7273136 1
6558678 0
6495948 0
4716703 0
4208936 0
257580 0
11502497 0
7363668 0
10070563 0
8255795 0
11519253 0
11454591 5
13775706 0
3365374 0
329819 0
1257542 0
7403030 0
11524662 13
6749881 0
14476290 0
7314838 89
217499 0
5815517 0
5221895 5
14514039 357
2735688 1261
5128519 0
3841666 27
8337324 1529
720565 13
13945102 0
8352303 0
1033458 0
10780632 286
10193967 0
6387980 173
7172557 0
6414372 16
6388579 0
10148035 1
10644301 0
10147935 0
9874618 1
10864204 0
9874725 0
15167027 4
15167577 0
15167474 0
15155747 0
13983717 0
15169759 0
15167349 0
9559769 0
9050730 0
9050244 0
13833375 0
8561583 0
13835899 0
9052652 0
9052314 0
13831176 0
8561081 0
13835427 0
13831441 0
11209790 0
10736091 0
10736259 0
9823502 0
2374451 169
3538037 0
8397856 0
3624767 0
2377480 164
9346613 0
8511241 3
8511970 0
5559256 0
15256245 0
9227428 0
2878222 761
8663860 2
8663354 0
8617963 15
15256022 0
13940456 2
5037617 0
4454540 0
4454240 0
4453910 0
4453666 0
3035252 0
10112591 4151
9785042 0
9763784 0
10677713 768
9679708 0
5320183 0
10559288 0
13899404 5
3440512 0
5560787 0
5561507 0
3654826 0
13913849 0
7655505 0
3906106 0
3654576 0
307176 0
306900 0
5563770 0
2737833 0
2737660 0
8401248 64
4236377 0
3595860 37
7436100 0
14925378 0
11475067 0
3606572 0
3387926 0
2376791 0
3073296 0
9767700 11
9765278 59110
9767197 1111
10694258 5697
5854812 0
1605630 9
10162644 0
3787164 0
6418901 73
13279262 0
2084071 76
10114209 0
10023039 0
9886220 0
7676602 0
3901548 0
2710044 0
8630039 6072
8630985 376202
13759146 0
5997814 0
8191701 24
4969703 0
8191987 0
8191230 258
8183290 0
8394922 0
6364641 0
6169488 0
6365102 0
610592 0
15169248 0
11517776 0
7344015 0
11517656 0
7343910 0
9605289 75831
1321456 0
2403454 0
1887787 0
9972587 0
2402425 4
7221094 324
6369829 1269
3365991 0
6757057 0
15237782 0
2930766 7
2931148 0
2931013 0
13104059 2625
13912260 0
11348160 0
12752666 0
12752205 0
2821627 16
4105068 4
4105438 0
9416890 0
6657646 0
2990373 1
5132542 0
5132667 0
14070360 3761
14174549 51
13498666 0
13498404 0
7360647 0
6282383 0
4851421 0
4811296 0
5548840 0
7661583 0
5549061 0
4207151 0
4206948 0
2411705 0
10588074 0
10587894 0
2412440 0
11115029 0
10243988 0
10243872 0
7667151 0
10243137 168
9989290 0
10242791 1369
10127273 0
2858304 657
3456024 0
2709367 27
5694232 0
9792969 0
10470779 16855
10471250 186
5577410 0
4444218 0
5577654 0
4444345 0
5566504 1
13653461 0
3341153 0
9411430 16168
9448361 16303
8461595 0
329227 0
14005892 0
7406765 5
7516354 2
14036539 0
758972 0
7516997 0
14391876 0
5037813 0
9506337 0
15159583 2
9992538 0
8385009 0
15179888 0
15120223 0
15160579 0
15159819 0
7765073 0
15173479 28
6487395 0
8266849 0
9376198 42
15235126 2
15246853 0
723783 0
15244650 0
13846546 0
13611395 0
10568083 0
7180372 0
4164529 0
3587050 0
15234764 0
13611567 0
6506315 0
5131023 0
5564590 6
10176679 16
6403393 0
5637965 0
8650157 0
7956887 0
5852973 0
3482523 0
13654093 0
10158506 0
9875353 171
6692238 0
2440250 0
1208460 0
5567217 0
4430896 0
3866721 0
14942762 0
6812631 2
6504155 0
6503884 0
3686658 0
14956325 13
6720137 0
14844693 77
14498096 0
14854581 0
7223811 85
3479952 31
3112099 33
4928903 351
172710 0
13939604 0
415676 4
4564698 4956
312691 0
13777764 0
5084733 0
5791764 0
5839910 0
13285973 0
4910135 0
5845562 0
2330245 7
14289387 0
10335563 0
3793489 0
9879144 0
10589140 1714
7451687 270
1050627 0
5711915 0
7886849 8
5305806 0
11691857 0
2902250 0
1941538 0
11462526 76
13978344 0
974630 0
11467018 74
13308999 18
13255145 4
11669921 244
11669335 0
15295045 0
12387839 0
4970758 0
14799601 0
3365592 1
6658118 0
9282208 0
9282084 0
9282363 0
7976596 0
5176341 0
3366464 0
3366301 0
9217230 808
4100174 5
1377602 0
13650921 0
13614679 0
5456456 0
3427202 0
3151077 0
9262233 0
2087551 1
2118333 35
10022759 9
14764910 0
10976997 0
10976862 0
9655569 0
6909848 0
2697759 0
2882014 0
3167666 0
3167978 0
7956721 0
3168107 0
3537085 6
1325417 0
7265508 0
3536931 0
3110669 0
1325853 0
14758027 0
3537241 0
3536761 0
3394916 0
2761834 0
10150940 142
11018683 0
10151133 0
3827107 0
10054657 287
10053808 2761
5584928 0
2778669 1
3802228 0
8253268 0
2779435 0
10832731 0
7961016 0
7448885 0
5576194 0
474568 0
107400 0
2950256 14
2950826 0
2950632 0
2950482 0
2462828 0
500449 0
7528097 0
2874214 0
2873839 0
10857540 0
2874086 0
3221720 3
3224032 0
5180881 0
3222318 0
3222176 0
3788498 10
3541696 5
3309808 26
7657903 0
7649854 109
13137010 5
5581693 0
3804744 0
13652335 0
8240169 357
8249038 48
4680465 0
2784732 0
8249960 5923
6260518 0
2784218 2
5267211 0
4092609 0
2785570 0
2785365 0
2785191 0
2784998 0
8248157 143
3853178 0
6422643 0
8061042 9423
1094725 128
5833022 0
5983801 0
1096245 0
7966927 0
8401554 0
550341 0
15204983 0
13746512 0
3497657 13
721141 0
3057021 11
3058107 3
1898731 0
4587648 9
4588365 0
4588587 0
9480077 0
15299783 0
4589745 0
4588986 0
4588739 0
3544360 10275
8059870 2776
8224580 0
8222966 0
8163025 0
7971449 36
432164 0
8381296 0
3545150 8
2726305 0
14883206 7
3142912 0
9260466 0
14879750 0
3142834 0
3142679 0
9614315 154408
7575726 0
8253815 4
7574602 0
5289297 245
5289057 0
10339350 0
5198132 0
5030418 0
9229709 5
5907251 0
5896379 0
2909053 0
9439213 0
7887192 0
7569106 0
7016948 0
13960974 0
1234345 0
15270862 0
14088412 0
13957601 0
8642632 0
9547528 0
5917174 0
4910377 0
1233802 0
3467984 200
2746365 14
10593392 0
10152083 3
3456299 0
2670683 1
123430 0
12102133 373
11012153 0
10675481 0
7801091 64
3990834 0
13131883 0
9859285 0
9223591 0
4373894 51
7661165 0
5236029 0
2848806 0
2848523 0
2848216 0
2801938 0
13765207 0
2802215 0
190431 0
3540267 1
3540090 0
3539875 0
3417345 397
8439808 0
3417749 0
14762846 0
11113489 0
2416820 0
8082602 0
3028079 8419
1032368 0
8082899 0
8188638 175
8188814 0
3024064 0
3233905 0
10032524 0
10029068 1955
4460130 1389
13900422 0
4495843 53
2824448 10
3222516 0
7377244 0
15227593 0
13886260 0
10842575 0
10842376 0
10842213 0
3017168 0
2824858 0
10080869 269
10102800 0
10081204 0
9921792 0
10081456 0
9536973 0
10107303 0
10025295 0
10399491 451
6150 0
8238463 0
14428160 0
5068716 0
13612319 0
7112282 0
5737153 8
5132045 0
5093890 65
2406952 0
2796995 4
2789487 0
2788689 1
6864725 0
2789271 0
1077350 0
13711855 0
9214060 1
8112402 8
4683136 0
2937469 107
2907391 0
2790154 0
2790012 0
2789770 0
3592245 14
3519981 1013
6744396 17
4702957 0
2800497 0
4108137 0
2991847 0
8183802 21
8272248 0
8271801 0
8182962 0
3001627 9
598056 5
3271030 0
3002096 0
2828884 0
9456207 0
8166187 1
4600486 0
8328700 0
8209519 0
2829116 0
11439690 4
9247410 0
13960357 0
14525108 0
13982999 0
7996149 0
11458314 0
14521648 0
5684561 0
14915184 0
9308398 22
13372123 0
7620822 0
7614198 0
3579982 41
3558176 0
2849154 0
9223725 0
2849419 0
8688247 125
8541841 1
8509442 0
5611062 0
4933363 0
4370048 56
10418735 0
3589791 10
3590306 0
3139089 0
7711471 0
3590475 0
13354420 5
13353607 3
8518505 1563
6824227 0
8518747 0
8357129 0
7282929 0
2956247 0
5563266 0
13650045 0
8511570 0
2153445 2
3387016 0
2322213 0
284665 0
10101078 0
8390157 0
7094843 0
3378442 0
7911677 6
7581775 0
13650447 3
4610879 3
8684294 0
13750844 0
13618076 0
8684676 0
4611154 0
4610676 0
4610503 0
13649791 0
13713300 0
14682133 1020
14585519 20
14619225 24
3656484 6
12544027 0
6261060 0
5320362 0
3656957 0
2942699 25
4404997 1
7573696 20
15245990 0
7567707 0
5405324 4
9410928 0
510723 0
391086 0
9536058 0
9505418 190
10133307 0
3560161 2
9543353 0
9542339 96
7125786 0
10169419 0
10329945 9
3132438 0
13875571 23
13504173 0
8241654 0
6644823 0
6572857 0
5730724 0
3689347 0
3048883 0
169811 0
2827883 23
2827606 0
8509786 2
7410207 0
9452653 0
2828115 0
133338 0
2331046 141
10554455 0
10539715 5
10206173 2
4055030 0
3789946 330
9359631 0
3287733 294
11417561 0
3684823 363
3288003 0
2129165 13
10265070 0
9752795 0
8686821 0
5090441 180
13823651 0
5168890 0
13955461 0
13956097 0
4762355 0
5632446 5
6368425 0
5896059 0
3427296 37
3427656 0
13258269 0
3427909 0
1318894 10
9991867 0
7553176 0
902376 0
14658855 0
4438897 0
2949542 0
2946921 0
5269901 338
14757848 0
4961331 0
5546040 11
5603160 0
3594277 0
12141495 72
7802417 0
7702796 0
12142085 0
7803545 0
4966941 0
3613294 12
5794057 0
4986147 0
6863751 0
13724838 0
12036226 0
11103104 0
9325395 0
8590909 0
6492438 0
6492188 0
6424869 0
4586581 0
3615133 0
3613592 0
5399847 1
4628747 0
10505942 0
7944618 0
5268112 0
5217168 0
13096035 0
10636598 0
14526182 106
4620558 0
9545324 287
13985818 0
6605897 0
4624826 0
5202497 0
14530836 0
5623181 0
5153520 0
5115040 0
13820239 0
13820000 0
5115568 0
13774404 13
4256520 0
4546855 10
9474162 0
5604254 0
14564779 0
9474412 0
4547821 0
4547592 0
4051825 0
2897820 1
9874428 0
3249569 17
7383475 0
13901211 0
3249956 0
2890351 0
2594552 0
5297523 327
8349350 0
3273551 1
6595056 0
3854065 4
3494537 0
5385534 0
7652052 0
10268299 0
10268180 0
5029706 0
5203649 0
5035353 0
5159225 5
5191832 0
5099796 0
5034225 0
14474556 0
5053688 0
5030680 0
6316048 0
7045353 8
7154330 0
527061 0
8428485 19
8460395 0
521085 0
5395690 0
5556943 0
7499276 0
7485916 0
5555688 0
4183663 0
7527352 0
5829782 0
7508486 0
7531536 0
4886646 0
7995278 0
758175 0
7387509 4
7430211 0
7122730 0
4823031 0
4771332 0
7391240 0
4056289 0
1754737 0
11501381 0
15008607 0
5045208 0
11482706 0
7739125 36
12633994 0
7923748 0
14050434 0
11470348 0
5398609 0
5617606 0
8339454 91
6642672 0
981830 12
6163751 0
5615028 0
5871618 0
6133018 0
5664069 2
6282651 6677
7109196 307
7051975 1
5808557 15
5650820 0
6304059 39
14765497 0
3770954 0
2442845 0
14764061 34
1899062 0
3404149 0
8184600 0
8244062 35
8182379 1
4594218 0
4594489 0
8684107 0
6622709 5
1794158 0
9039411 0
10224295 0
7647731 0
7365193 0
3131574 0
6347225 0
3131669 0
492083 0
491901 0
5200169 1
5616246 5650
11465888 0
7575984 0
8256567 0
2936714 0
13998966 0
10878530 0
2936921 0
2811059 0
15010703 922
7813107 0
7149582 0
5717342 0
5677504 0
6602472 0
5651971 3
5614657 0
5807012 0
5707495 0
5919034 6
13920835 4883
6755568 0
13920429 4
5822746 0
14546227 0
13923440 0
5798863 0
766234 164
767477 0
780889 7
7066659 2478
5844105 0
5750163 9
11677259 0
6789215 0
4812871 0
4346511 0
1901213 0
415226 0
5750657 9
3323593 0
8512259 502
13903079 0
5124057 0
8512736 185
13903387 0
8565701 0
3780247 0
2875013 0
5216365 45
7965085 1876
5217859 0
9224911 22
5549830 0
8436288 0
4934546 0
6394701 0
5024616 0
4261506 0
2861886 0
7695965 108
7575076 0
10474064 1422
10173305 0
10173410 0
10325013 1019
5929670 0
9906538 1
11045106 0
10173086 0
9554297 0
7697825 1
3429288 1
13854101 0
5130028 0
5103430 0
5103283 0
2159955 5051
10792028 0
2206856 136
7975909 0
3125729 0
8510456 0
15142452 0
4098795 0
7846 921772
5217688 0
6326797 0
12397210 0
2949691 0
12205694 1148
7811416 0
5602835 0
6721813 0
5559727 0
4838210 0
5301072 4
6904171 23
13918387 0
7082198 0
9442595 17
7652995 0
4450994 0
3037228 0
13875185 2
3706653 0
3208556 0
13867641 47
7000941 0
107875 0
5072663 0
2829696 0
13887509 0
6211078 0
9702673 0
11537506 128
5538625 0
1318381 0
10162991 47904
8482271 0
11495607 0
8664184 0
8508449 0
6291809 0
14312481 0
13654380 0
13133786 0
10474645 221
10163354 0
10162780 0
9399592 569
9302031 0
9301844 0
8572467 0
7418822 0
7372779 0
6822034 0
6783768 21
6343971 2
5595837 0
5290756 0
4058721 0
3501811 0
3501614 0
3501520 0
3501288 0
3250279 0
854876 0
9614684 20405
10384610 0
10004282 341
7906284 4
5282746 35
4452848 0
2155872 0
179576 0
4453037 0
7670433 0
10830731 0
10830456 0
2807731 1
4446276 1
3528901 6
3959936 0
3960664 0
3959485 0
13768850 0
9395457 0
7657664 0
7579787 0
5581349 0
3960950 0
3960783 0
3960490 0
3960374 0
3959701 3
3176386 0
2881193 25
13893694 0
2880940 0
13765531 0
4295881 4709
2882301 0
2881546 0
2881397 0
104409 0
14841267 0
8653314 0
11431754 0
14842703 0
6255354 0
300441 0
14639921 0
9632518 114923
10481711 0
2207449 0
5552607 0
3014705 0
5553288 0
3015254 0
5919263 6
5388805 0
4857490 0
13865904 0
7651905 0
7544647 0
3507048 0
6063588 0
4363991 0
3850245 0
9316454 5061
3587318 0
6599788 200
429949 0
6780882 2
1260556 0
4649261 0
15170504 0
15169873 6
15135996 0
15136147 0
7985628 0
13771290 0
13743605 788
9257563 0
7985223 0
7976936 0
7958407 0
2774152 0
13413294 0
4026417 0
13413159 0
2773037 2
13754778 0
2797881 6
13764639 0
2773838 0
9832321 0
2370360 0
432881 0
2984061 801
2984203 0
7724943 0
13136316 0
12556307 0
5539454 0
8649345 0
8408709 0
5551318 0
8510666 8
4213626 1
5852553 0
8649167 0
8102282 0
7655626 0
6783265 0
9437454 138
7442569 0
769092 4
10201535 99
753685 49
14322699 4
7494363 0
5724694 0
10391513 0
5830059 0
14285662 141
7420770 0
403092 0
9945905 4072
9946278 0
9760609 0
15166462 0
15268094 0
15167906 0
15169421 0
7901587 21
14941230 0
7584727 0
2416519 4
9884666 0
9753498 0
8687709 0
5941423 698
5916739 16
5945642 5
6782019 0
5949726 0
6551784 0
1191158 2
5939636 92
754767 0
99951 3
6773434 90
6770275 93
4713428 0
13971065 0
13797313 0
7175241 0
14493145 16
7301336 58
953559 4991
788973 0
958896 4659
89027 32
65216 0
160532 0
14061805 3778
171618 0
15292260 0
750730 0
427580 15
10779995 0
1259594 0
10353355 0
10279018 44
9825750 0
12268918 1
12268246 0
2834778 2
5980875 6
8567877 0
3442756 0
187337 0
5770391 0
946650 0
15212455 0
8218122 0
8080947 0
9468604 657
9436708 0
7262108 1
10470460 28
8660934 0
4394261 0
6818121 0
2742753 0
7922764 0
7601999 0
7625493 87
6942094 0
13942875 0
14512817 0
7451338 0
5790242 2
161243 98
5790944 1
7086518 0
4768028 0
7086323 0
853145 0
5534333 0
9300483 0
2983741 0
5474346 304
2404186 2
7663592 0
7209965 0
5418717 153
7089622 0
13098186 0
9470222 0
2468735 0
4105893 1162
14485436 0
7985948 0
2806530 1
257770 0
2808440 0
13616560 0
8878202 0
8059412 207
5556071 0
9246464 207
5578442 0
7597365 21
9815790 5224
9608709 3301
10282672 32
10282482 0
9623038 165354
3234795 0
10014939 18517
9931640 16408
7749582 0
4966543 0
12711596 0
5716342 0
3655838 0
7933274 0
7575510 0
12929783 0
8254741 0
7932841 0
2219486 39
7804323 0
12125890 0
11259777 0
11259635 0
3405725 83
7480068 25
7480896 2
4628192 0
14039179 0
9181557 0
7488788 0
14325220 0
13973059 0
13976322 0
11434899 0
9557770 0
6246529 0
770270 1
770543 0
733483 0
746232 0
773402 0
3699975 1864
10278666 60
8264759 0
3700963 6
8264583 0
3593526 37
13767822 0
7339098 0
2876657 2
13765396 0
2877266 0
13135832 66
11683989 0
10575463 0
5834758 0
5404336 0
11878283 0
7819480 0
7713763 0
3467517 23
5833840 10822
5837850 0
5803379 3
7029247 0
8682575 0
13834399 0
8682819 0
13836136 0
11382398 0
11382278 0
11382112 0
8561835 0
7561112 47
8318777 0
7560903 0
1070187 0
7806221 53
9988063 3
9893191 1792
9892831 0
9893015 305
10298912 0
9893344 63
9892693 0
9892513 0
10546633 2972
9861395 20
2859184 0
13659162 1
3753077 1
7094093 2
4991738 0
7893642 0
8941535 0
2898711 2399
2899808 0
13793330 0
5599203 0
490569 0
2899694 0
2899569 0
2899439 0
2899257 0
10601078 0
10547145 4
10546850 5916
10325243 0
217014 1
7334490 0
911048 0
6313651 0
5771836 0
4341686 53525
873381 0
7173959 0
1104637 0
7959943 64
7954731 0
9406793 165
9001881 0
3458961 0
7850329 106
12171503 0
9906704 4906
10782940 26576
10782791 2078
9762821 377
7450651 28
428000 155
516086 0
7450842 285
1026897 0
1027379 15
7565083 0
6493392 0
5911124 0
7168623 204
5091316 0
13968547 12
8456993 219
14496710 0
6539770 25
6529219 0
8227214 17162
6652878 0
13950812 0
8147794 0
8106934 23
7279687 0
4698656 0
1009871 4
14435809 0
5032565 0
13962166 0
14540765 0
802238 0
14541044 19
8644213 0
14543231 0
7226015 0
6733476 0
8212347 0
8229467 30
8075388 0
5547508 0
4428920 0
4428763 0
1514549 0
4118021 5
9236766 0
5637558 25
2152881 0
10627082 0
7480790 0
933154 0
7061968 0
9773245 345
10379620 48
11434016 0
9491966 187
10128909 0
10109443 0
1460108 0
10002477 0
15165289 0
6632671 0
10752930 0
3471974 0
3471779 0
7048000 11825
7394588 0
546389 0
6796642 0
13254011 0
8158741 0
11428023 5
13131516 0
13913427 0
11428379 0
6868445 0
1900719 0
1495701 0
11456462 0
4630689 0
10665587 0
4343346 0
4143365 0
2377291 0
498220 0
7644967 2
1791625 0
10781817 0
7457936 0
2883344 3
2884225 0
13765624 0
14408951 0
13883494 0
12746106 0
2884607 0
2884450 0
2884011 0
135148 0
3281145 2
3281524 0
9328904 9269
14991106 0
14991004 0
9452395 25
13938296 0
7828987 0
15088111 0
13134059 30
3665924 2
2915480 0
13864035 0
5495172 0
5227079 0
10034906 2682
10035430 13
10035314 0
6574473 12
3244047 0
10433164 1999
10433452 0
6620906 0
5938400 12
3939281 0
3328201 0
7858978 0
3113657 0
3114041 0
3114236 0
3113835 0
4047401 93
4046810 0
4463679 0
4046590 0
2014941 0
3327234 1
10085101 0
13112664 62
8505018 0
8438223 0
10875910 0
10875681 0
10875468 0
5263587 0
5573602 0
2464065 0
3622698 0
5397333 494
4530566 4587
4531098 98
2324045 7
14765324 0
7666521 0
5835747 9976
5710356 0
7513247 0
5807306 0
5708207 0
5702275 0
654885 70
5853636 22
1228645 0
5650579 0
5082790 0
5174653 297
8625073 0
4091839 0
8416652 0
5565337 0
351000 0
4850341 0
13341756 0
4850117 78
694681 0
10225219 10492
8135342 0
6648724 12
7183151 335
7140978 7
6467680 0
6356299 0
5857781 0
5134547 1
5094725 0
8500213 0
14441083 0
5613962 0
5134353 0
9889691 40
9890749 0
15250178 9
15252422 0
13320168 85
13288529 0
7035870 62
58519 0
10271216 1052
2694182 0
2693860 0
2694045 0
2715513 0
3478907 104
3224893 19
3718581 0
11025125 0
11024908 0
11024731 0
11024582 0
11024419 0
3719053 1347
3479121 0
3478756 107
5285623 0
12159555 0
7873057 0
7716504 0
4543158 4
3977966 0
9219858 0
4543509 0
2814533 216
3895866 10
2968473 1
5002822 0
2969010 0
2766534 0
5579944 0
3268470 0
3268553 0
3268311 0
2468368 0
14437386 0
14438898 0
7534430 0
7535670 0
5833683 0
13989051 0
7506569 0
14440137 0
7305098 0
1135952 19
8164585 61
694990 0
15266265 0
694866 0
8381165 0
7133701 5
14516743 0
14498404 0
276987 0
6057539 1131
646187 0
6037666 1278
11473488 0
7993109 0
8278169 222
8278324 186
3069752 0
8112096 151
609953 60
6732925 0
6685040 0
6731802 9
6788785 0
6732013 0
6816935 0
5667613 5
7845087 0
5846932 85
6669864 51
185307 0
10640620 781
9935434 0
10402417 0
5814162 0
7974025 736
884466 0
8239808 0
8103777 0
4815177 0
10104209 333
10164025 3
10303814 11543
14993713 4
14993559 0
3979377 0
14870078 0
3115180 0
12175949 0
3115301 0
9837824 1641
9837720 0
4536866 3
3574816 863
10209616 0
6479665 207
6332731 0
3800933 158
2944826 119
8478018 0
2945161 0
8240633 36
2945379 100
5649960 0
2945813 37
2945594 13
2932227 0
2932400 67
2932019 0
3990474 0
4446521 0
13769033 0
3991062 0
13343774 0
3991646 0
2729965 9
2729837 8
3672521 0
14934998 0
3672352 0
2919792 0
1792640 0
1514859 0
7646067 0
1321123 0
11502322 0
14685296 0
3007824 0
4962240 0
3007955 0
14814616 0
9273130 0
5588174 0
13912839 0
13089631 0
4277980 0
1900488 0
14943580 1
4436185 0
4436329 0
4987620 0
4284002 4
13770169 0
4284341 0
5546540 0
9367733 0
7661357 0
3814348 0
3814112 4
67990 0
7518663 0
719705 0
3599628 0
3599761 0
584769 0
576877 0
576717 0
11085402 0
10222949 0
6572482 0
6436939 0
782792 0
8079613 4
3053474 0
3054311 0
3446070 0
3053788 0
2931417 122
7966140 211
8387930 0
5785508 0
11503060 0
6880249 0
4747115 0
4068976 0
13785404 0
5010627 0
10472799 2017
11508382 0
15043763 0
11307082 0
3066743 0
13125117 2
8507558 27
6300193 0
13731669 0
8005954 0
6300445 0
5308310 0
5602548 0
5313535 0
8584787 0
13372403 3
13901585 0
13371958 5
14834563 0
13882961 0
3187972 0
2799593 0
2780916 0
4524313 9562
6255081 0
15112086 0
9283193 0
2924116 99
5730591 7
2924713 0
2924554 0
2793495 80
13614256 0
5565696 5
13656075 0
12582231 0
623862 0
5686955 28
14408086 74
4709253 0
5817396 1
6636259 35
13955874 0
5889896 0
14239918 44
9752657 0
9232687 0
8686658 0
1977832 0
14473054 0
14359952 0
14961722 0
9947232 21529
10794014 95157
10801291 384
10599806 30918
11302772 0
11302615 0
4191595 26
4191943 0
14539960 0
13313733 0
4192238 37
3550153 16
3547054 6
3619890 0
5856388 3
5138488 0
13413493 0
4979425 0
15134913 0
5923983 0
5926236 0
4890112 0
5617107 0
5159948 0
6460524 0
5988282 0
13987423 0
7526757 0
14473222 2
11418460 0
5905348 7
6756680 0
8435388 640
5927813 0
5891572 0
7551052 2
14524661 0
13801424 0
14486274 0
7541923 2
14448333 0
7533978 0
6004067 0
7204401 0
7204240 0
13461951 0
205649 0
1198750 0
7216083 0
6472242 0
1039307 0
6727133 0
6472409 0
6710546 32
5734018 0
6374587 0
4658268 0
7548567 0
964569 69
1237167 0
1221611 0
4658106 0
13980288 0
7547805 0
7520507 0
14393438 0
13975752 0
5683582 84
7507912 0
379754 0
72473 0
5989479 165
5952979 0
791078 36
5799212 110
794367 0
1195867 0
7477231 0
7372959 0
1192150 0
14445379 0
7492516 0
1211667 0
14491889 0
13987219 0
4033995 0
1211185 0
14538472 4
8643933 475
3464467 0
131090 0
3088164 1
188620 0
5675601 0
9604981 0
5768252 5
5654362 0
5713524 0
5625465 5161
7288485 0
5930136 1
5836468 0
5708432 17
5710020 0
876874 518
15248564 28
15248020 0
7261300 0
6367107 10365
6757891 9
6667317 32
6353934 7
6355894 4548
6806469 2552
5765415 72
308370 0
14378311 0
7317519 0
7288385 0
4485226 0
286240 0
76563 0
331950 164
279835 471
7309781 53
8464601 128
7046339 0
11425088 0
13441387 0
6197664 0
3795758 0
280586 5
7135080 0
7223170 96
10139347 0
37396 9340
952963 5979
6373513 0
4835950 0
2677718 0
1181902 0
1182312 0
576451 0
8681222 0
38262 4
9387222 261
7556970 489
3119790 85
14365356 34
7511380 0
8433727 28
8067218 0
5635188 0
3259505 10302
8490199 0
8490402 0
8585158 0
14513694 0
3528100 3
8654360 1559
24720 7146
8178547 0
14479615 7
13988498 0
8137738 0
9972010 0
10126177 0
10508710 6
10670483 0
10508862 0
10526927 0
10482768 0
10252354 0
10252222 384
6415061 0
8544419 0
8544275 0
3109881 0
3109486 0
8659993 0
14445072 0
9257011 0
8544593 0
3109693 0
7049713 1066
6378298 0
6256697 0
11220149 0
11219992 0
10391416 0
10391248 0
10391086 0
10451263 75423
10450303 2488
10451450 0
6409562 20
787218 0
10768585 366
5556325 0
5596651 0
5596004 0
13890679 0
12620546 0
5560244 1
13163803 0
8592494 0
3669094 0
3668906 0
5387544 0
3038685 0
9359803 14928
9337253 0
3115897 0
3115762 0
2928608 0
4027023 0
11531916 0
7268413 0
5523420 0
4073425 0
2928841 0
5332802 0
7829412 66
4442831 5
12907465 0
3030663 3
3945167 0
3944672 32
13901321 0
3945615 5
3854815 2
3030035 2
7844042 0
5399034 0
9354780 0
7844604 0
3089348 5
13872592 0
11682842 0
5456257 0
2403003 0
2402175 0
5598147 0
3830835 0
3831062 0
13762458 0
6807056 0
5658826 0
5637106 0
3833564 3
5282433 0
5824739 1
6647614 1
13780180 0
6590885 0
4011130 0
153961 0
163779 3
2730568 0
9607630 0
586105 0
90393 0
7228211 0
1217859 0
270919 0
7338114 0
1239064 3
6802785 8
6643763 57
14633206 7
14797813 0
2961851 0
9805151 3116
6624161 44
6828818 0
10255207 0
7173389 0
6706504 0
6399995 0
4312432 0
3007130 134
1033024 0
10622053 6643
2207647 0
5555917 0
13895262 0
8588486 0
2157415 0
5558345 0
3623556 19
3624134 16
3094503 5295
7495551 0
14324274 0
7535010 0
730247 1
6545528 0
164345 0
13254237 0
796586 0
7583197 184
15048623 0
13927112 0
1887896 0
5574332 0
14761334 0
1888045 0
2403325 2
9878702 0
6611376 0
75790 0
9878921 0
9752381 0
8686332 0
8517449 0
6726761 4
1887623 0
2800213 3
3441112 0
2885462 0
14122497 0
5481095 366
5618056 0
10126926 0
7652585 0
9845589 0
4675314 0
5936704 0
6855207 0
6590210 139
3564849 0
549106 0
113532 0
13904164 0
5675905 0
5677952 0
4812268 0
4812636 0
4683814 0
10613996 1
5925702 0
4924103 0
15254028 0
15145171 0
15242955 0
15153787 0
5920272 0
15089258 22
14642417 0
3585073 0
3585337 0
3584829 0
3316406 124
6396142 0
15252907 0
8228665 0
8228838 0
7307172 0
9304465 0
3526198 1
3526805 0
13911429 0
9304750 1
14464793 0
14409489 0
5302307 0
7518468 0
4642258 0
5021535 0
13664521 0
13390626 0
14959939 0
14805899 0
4334232 0
2157557 0
15268367 0
13918274 0
10689104 0
4384199 0
4384016 0
4316646 0
9937250 103
2782093 0
2782329 0
6362953 17239
2137 315323
6392001 4106
10401829 3910
10356066 1
33615 3916
15113229 1610
15154774 315
24264 11192
8574314 276830
27167 384151
13831000 0
10235549 3563
3553 1259906
1930 1696936
19128 1280
3183080 5015
4359589 1
3050026 2
3575240 114592
7347 929212
9624168 1174
20827 13530
5809192 13399
8198137 362
7950920 137842
8008335 129094
15228378 0
23100 103802
11425580 86
7296190 1
1886756 2044
4576211 4322
14052046 3903
5220461 2294
5566097 1
3122748 259
14034177 4223
13600097 0
5566919 9
14580897 8133
7160883 757
10249459 5270
29378 85002
30358 29502
27807 2622
13083586 5007
6657202 0
9287968 21827
2083346 133
4426618 1255
8246613 18548
6429590 4
8056231 10158
13745420 5
3051540 229
3546340 10483
15046900 1350
3439064 0
7566340 631
7283608 1508
1080366 7009
3414162 7
5701944 125
7975026 5157
8189659 15777
4161981 9
11419404 121
3419014 148
13603305 4
5563034 2
13583724 143
13576101 1084
3278248 148
9504135 532
2329401 478
3079741 28
31921 17379
3795580 40
901083 0
7109019 17322
26192 32
3088707 36
14818238 6451
745005 170
7570720 1067
5929008 0
2766320 0
5225090 10
5225602 1316
13756125 0
14877585 41
9538021 0
426928 13840
9619168 12389
2401031 79
732746 219
14488317 16
10305802 11213
2452 30505
10480253 59475
13103136 2667
2206270 331
463246 54
13972797 562
4170037 4301
4723816 363
10605985 97702
3033362 48
9613191 248744
7447261 313
11408559 142
11473954 6
11450869 6
4341414 0
13087625 284
7858595 38
9239740 820
2796623 2510
6722453 2567
5770926 383
15157041 151
13275847 99
3895293 546
3895585 445
3536348 102
5543177 0
5595083 1
1123598 101
6732169 60
9505153 19368
14875077 15
10024362 1143
575741 755
4076846 127
3100490 9686
2913152 37088
13809207 16353
10415638 112735
6725877 15
6349220 21914
4657876 0
1181475 14
5669934 135
7304852 132
29677 259
9385911 2310
3129123 69123
13086908 289
5298729 0
9366317 16584
5397468 299
2370806 421
3848729 9
6797169 403
5267548 655
1789740 0
7644706 2
3892891 145
7705931 131
12651821 37
719494 14
9628382 5443
13860793 63
9621545 144848
6276697 7880
3078287 0
4060647 1
13100677 255
7707451 205
10165109 12278
4258 978401
13372961 280
3314028 0
3014440 2
8491826 272367
6000400 1329
13576355 171
9620078 366
4511002 0
10421956 2707
11418750 0
14539268 4
6771653 92
3269401 76
13331198 4
13604718 0
7288639 66120
5867413 110
523513 904
13329641 72
220023 227
199130 8447
7059255 268
