0.540
12.096
10.808
5.893
5.869
14.581
3.509
8.930
9.975
5.860
4.286
1.543
10.368
8.967
14.581
14.581
5.405
13.664
13.887
13.482
11.131
7.464
5.582
10.774
10.774
7.373
12.329
9.208
10.796
11.403
10.070
13.482
2.462
3.534
9.321
9.321
0.855
8.967
8.967
12.096
10.774
9.407
7.056
4.848
1.482
4.848
8.048
8.048
7.931
8.530
8.530
8.530
14.581
6.270
8.668
2.462
4.267
12.096
1.163
13.328
7.430
12.138
7.463
6.270
2.379
7.376
2.379
6.637
4.730
6.439
6.301
7.866
5.833
10.512
13.328
10.956
13.482
6.637
8.967
8.595
13.887
4.730
8.103
10.709
8.103
5.582
5.585
4.040
3.363
9.668
2.379
7.028
5.582
12.383
9.404
2.462
10.785
1.543
7.283
2.379
1.163
2.462
2.379
4.730
5.668
2.379
0.855
4.730
8.285
5.668
14.175
6.637
2.379
1.543
5.253
5.218
4.730
8.057
2.379
6.637
6.301
9.396
3.534
6.301
2.379
4.730
5.833
8.939
2.379
5.995
6.749
5.833
6.301
2.379
2.379
5.253
5.245
5.181
5.181
6.637
4.267
8.939
2.379
3.729
12.876
2.379
2.379
0.885
0.855
2.379
10.354
2.462
12.635
2.379
5.833
5.181
2.379
10.819
3.363
6.792
2.379
3.534
7.560
8.668
4.112
6.749
5.253
2.379
1.534
0.885
6.792
0.885
7.283
0.855
3.069
4.730
6.262
0.855
6.262
4.673
4.730
6.301
7.677
1.543
1.543
2.379
2.379
4.267
1.482
5.582
