0.366
8.609
6.719
15.274
9.422
2.659
2.462
7.083
10.053
12.329
6.943
9.713
8.070
15.274
9.583
4.040
4.848
4.294
6.630
4.322
9.321
8.465
9.407
13.664
9.226
5.353
2.462
14.581
1.543
13.482
7.294
12.055
13.194
7.409
4.112
2.462
6.999
14.581
4.848
4.040
3.363
1.543
14.581
5.228
14.581
3.069
4.833
9.422
13.077
12.635
10.879
11.054
9.198
7.677
6.699
4.730
12.278
8.637
7.430
10.904
8.465
6.534
11.906
10.011
5.218
3.363
10.256
7.866
6.586
3.363
1.543
1.543
7.430
7.837
8.637
9.178
3.363
2.462
7.563
2.462
10.573
7.430
5.318
13.887
10.391
12.055
13.664
8.637
9.687
4.112
7.430
5.599
8.078
8.637
3.326
12.278
7.430
13.482
8.930
7.775
6.301
11.362
5.582
12.709
0.885
8.092
4.112
2.462
7.305
9.130
10.304
1.543
4.112
2.462
7.878
9.544
12.383
12.501
13.194
8.469
7.283
13.887
5.558
7.430
3.225
2.462
10.211
8.465
15.274
8.637
13.328
12.278
9.597
12.278
3.534
8.458
11.873
9.106
9.297
11.906
12.096
10.053
5.668
11.323
4.848
12.383
9.493
11.840
3.534
1.163
6.586
8.458
5.833
2.379
12.501
2.462
9.898
9.396
8.362
9.270
7.560
7.430
10.785
11.403
13.664
10.361
8.152
1.543
5.582
6.290
5.245
11.636
14.581
11.403
11.513
13.887
10.368
2.379
13.194
12.278
7.878
7.283
8.805
6.749
9.922
12.971
8.957
7.430
6.586
8.329
1.543
5.181
3.363
6.750
6.586
1.482
6.792
4.112
7.430
6.262
7.305
1.482
5.181
13.328
1.543
9.460
8.637
8.048
5.582
7.970
8.668
10.573
11.513
1.543
7.430
7.083
5.668
3.625
2.379
0.885
6.270
5.487
7.463
8.490
5.867
10.892
14.175
2.462
11.115
6.018
12.329
9.922
6.301
1.543
2.379
7.083
8.637
10.892
12.016
5.668
10.126
12.383
7.775
4.730
1.543
6.999
6.637
7.083
7.083
3.625
5.951
12.635
6.750
6.778
5.181
11.873
5.275
10.785
5.981
8.540
0.855
0.855
7.298
8.103
8.569
5.181
5.181
7.430
7.463
13.482
4.286
7.430
7.970
5.724
5.487
5.218
7.430
5.582
3.625
3.263
7.387
9.466
13.482
8.263
10.368
11.403
8.946
9.922
7.150
0.855
2.462
10.368
8.939
5.582
9.898
13.328
2.659
7.283
7.083
9.130
7.288
13.328
8.637
3.363
10.867
8.048
1.543
4.730
6.446
5.218
1.543
8.930
2.857
9.478
6.270
3.263
6.301
8.362
11.942
3.263
3.225
6.943
1.543
7.430
7.430
2.462
6.290
5.896
1.543
1.543
9.442
10.150
12.789
7.463
1.543
1.543
4.267
13.482
10.081
5.582
3.363
8.930
2.462
2.379
7.283
9.618
13.194
8.595
11.777
7.430
5.668
7.083
8.530
2.462
7.431
4.112
8.070
7.430
14.581
12.329
9.045
7.677
5.582
5.908
5.181
5.833
5.833
10.855
9.100
10.053
5.833
1.543
14.581
10.592
4.267
2.462
1.543
8.997
10.774
5.582
9.537
10.070
5.181
9.427
8.957
6.778
11.718
15.274
6.301
11.403
11.663
4.267
6.749
8.128
7.203
6.270
10.855
7.560
7.083
0.855
7.718
3.225
3.263
5.405
13.328
11.585
1.543
9.898
5.599
6.262
11.585
8.637
8.092
5.615
13.887
13.664
2.379
0.855
4.848
12.229
7.430
13.328
6.262
8.668
7.430
8.227
7.430
14.581
4.833
8.285
5.388
11.942
3.263
12.635
3.155
7.083
1.543
7.430
2.379
5.245
5.893
7.373
4.463
13.328
4.112
14.175
6.301
10.211
7.035
5.320
1.543
3.645
11.942
7.970
4.112
7.970
5.908
6.290
5.181
6.301
5.908
11.403
11.403
11.403
7.931
12.016
8.805
10.917
11.403
5.668
12.278
6.749
10.144
12.278
7.463
4.267
12.971
4.267
6.749
10.218
9.208
13.077
4.267
8.458
5.896
6.301
9.018
5.253
5.891
6.301
5.668
1.543
3.069
7.083
1.543
1.543
7.878
5.797
2.462
5.320
1.543
3.263
3.263
5.353
1.543
5.353
12.278
3.069
8.997
2.379
9.594
6.719
7.970
10.368
8.092
15.274
0.855
2.462
5.519
3.363
15.274
2.462
9.687
9.396
5.582
10.573
2.462
13.482
1.543
8.092
2.379
9.515
2.379
4.112
9.618
9.185
13.077
9.493
7.430
8.103
6.637
8.939
9.090
7.463
9.008
3.326
6.018
5.818
5.353
2.379
4.112
8.561
9.396
1.543
7.430
4.040
10.368
9.687
10.199
12.383
6.586
14.581
8.103
7.430
10.256
11.840
11.403
12.278
7.463
8.329
4.848
10.785
13.328
7.677
12.971
8.595
6.301
10.592
7.430
4.848
5.582
9.287
8.092
8.637
13.077
2.462
3.534
4.730
12.016
5.181
8.805
11.403
8.939
5.833
6.270
6.674
5.582
4.112
7.141
3.729
5.668
0.885
2.379
1.163
2.379
2.379
2.379
5.833
2.379
6.301
2.379
2.379
2.379
2.379
2.379
5.908
2.379
2.379
2.379
7.463
4.730
4.730
6.637
5.582
6.637
2.379
2.379
1.543
1.163
1.163
2.379
1.163
2.379
5.582
2.379
0.855
3.729
0.855
1.163
2.379
7.430
2.462
3.363
1.163
3.363
1.543
2.379
0.885
0.855
0.885
3.363
6.586
2.379
3.363
0.855
2.462
3.363
11.011
