0.581
2.539
2.944
2.539
2.539
2.539
1.440
2.028
2.944
2.539
2.944
3.638
3.638
2.539
2.944
2.539
1.240
2.944
3.638
3.638
2.539
1.335
2.028
3.638
2.539
2.251
1.558
2.539
2.539
2.944
2.028
2.539
3.638
2.539
1.846
3.638
2.251
2.539
2.028
2.028
1.440
1.692
2.539
2.944
2.944
1.440
3.638
3.638
2.251
2.944
2.944
2.944
3.638
2.028
2.251
1.558
2.944
2.539
3.638
2.251
1.335
1.692
2.944
2.539
2.251
2.028
2.028
2.944
1.846
1.846
2.028
2.028
1.558
2.251
2.539
3.638
1.558
3.638
2.251
2.028
2.539
1.558
2.539
3.638
2.944
2.944
2.539
2.539
2.028
2.028
1.440
2.251
2.539
2.251
3.638
2.539
1.558
2.539
2.251
1.846
2.028
2.944
1.692
2.251
1.073
2.539
1.846
1.692
2.028
2.944
2.028
2.251
1.558
1.558
2.251
2.944
2.944
2.539
2.539
3.638
2.028
2.944
3.638
2.251
2.251
2.028
2.028
1.846
2.251
2.539
2.539
3.638
2.251
2.944
1.692
2.539
2.944
2.539
2.944
2.944
2.944
2.944
1.846
2.539
2.251
2.539
2.944
2.944
1.692
1.335
1.692
2.539
2.539
2.944
2.539
2.028
2.028
2.539
2.944
2.251
1.846
2.251
2.539
2.251
2.944
1.440
2.251
2.028
1.335
1.846
2.944
2.944
2.944
2.944
2.539
2.539
2.028
2.944
2.539
2.944
2.028
2.251
1.692
2.944
2.539
3.638
2.944
2.251
2.028
1.846
1.558
2.539
1.558
2.539
2.539
2.539
1.846
1.846
2.251
2.028
1.846
1.558
1.846
2.539
1.692
2.944
2.539
2.028
1.240
2.539
2.539
2.251
2.251
2.251
2.539
2.539
1.440
1.846
2.251
2.028
2.539
2.539
2.539
3.638
2.944
2.251
3.638
1.335
2.539
2.251
2.944
2.944
1.558
2.251
1.073
1.846
2.539
2.028
3.638
1.846
2.539
2.539
2.028
1.846
1.846
2.539
2.539
1.846
2.028
2.251
2.251
2.539
2.251
2.539
1.692
2.539
2.028
2.539
3.638
2.539
1.440
1.240
1.558
2.028
2.539
1.692
1.558
1.440
2.539
2.944
1.692
1.558
2.944
2.539
2.028
2.251
1.440
1.153
2.028
2.539
1.558
2.539
2.539
1.692
2.539
2.539
2.251
2.944
2.539
1.692
1.692
2.539
2.944
1.335
2.028
2.944
2.539
1.846
2.251
2.251
2.251
2.251
1.846
1.692
2.028
2.944
1.846
1.440
3.638
2.028
2.539
2.251
2.251
2.539
1.558
1.846
1.692
2.944
2.944
2.028
2.028
2.539
1.692
2.539
2.028
1.692
2.539
1.440
1.692
2.539
3.638
2.028
3.638
2.539
2.251
2.028
1.846
2.539
2.539
1.692
1.846
2.028
1.692
1.558
1.440
2.028
2.251
2.028
2.539
2.539
2.251
2.028
2.251
1.692
2.539
2.028
1.846
1.692
2.539
2.944
2.539
1.692
1.335
2.539
2.028
2.028
1.558
2.944
2.251
2.539
1.692
2.539
2.944
2.028
1.335
1.692
1.692
2.251
2.539
1.558
1.335
2.251
2.539
2.539
2.251
2.539
2.944
2.028
1.558
2.251
2.944
2.251
2.251
2.539
2.251
2.028
2.539
2.539
2.251
1.335
2.944
2.028
2.251
2.251
2.251
2.539
1.846
2.251
2.028
2.028
2.944
1.846
2.539
2.539
2.944
3.638
1.335
2.944
2.539
2.251
2.251
2.539
1.558
2.539
1.692
2.028
1.692
2.539
2.251
3.638
3.638
2.944
1.846
2.539
2.028
2.028
1.846
1.846
1.240
1.335
2.251
2.539
2.251
2.539
1.846
2.944
2.028
2.251
2.028
1.692
1.692
2.251
2.944
2.539
1.846
2.539
2.251
2.251
2.028
2.028
2.539
2.539
2.028
2.251
1.558
2.251
1.846
3.638
1.692
1.558
1.846
2.539
2.028
2.539
2.539
1.335
2.944
2.028
1.692
2.251
2.944
2.028
1.440
2.251
2.944
1.335
2.944
2.251
2.028
2.251
2.251
2.251
1.335
2.251
2.028
2.028
2.944
2.944
2.251
1.440
2.028
2.251
2.028
2.251
2.539
2.251
2.539
1.692
2.251
1.558
2.251
2.539
2.944
2.028
2.539
2.944
2.251
1.335
2.251
1.692
2.944
2.028
2.251
2.251
1.073
1.846
1.440
2.539
1.558
2.251
0.930
2.539
0.999
2.028
2.251
1.440
2.251
2.944
1.692
1.440
2.539
2.251
3.638
1.846
2.028
2.539
2.251
2.944
2.028
1.153
1.846
2.251
2.251
1.558
3.638
2.028
2.028
2.028
2.539
2.944
2.539
2.251
2.251
1.440
2.539
2.251
1.692
2.944
2.539
2.028
1.692
2.028
2.251
1.558
2.028
1.846
1.073
1.692
1.440
3.638
1.240
2.944
2.539
2.944
2.251
1.440
2.028
1.558
3.638
1.558
1.846
2.251
2.944
1.846
2.028
1.846
1.440
1.558
2.028
1.692
1.240
1.335
1.440
1.335
1.335
1.440
1.073
1.558
1.440
1.692
1.153
1.153
1.240
0.930
1.335
1.558
1.240
1.240
1.073
2.251
1.240
1.558
1.692
1.335
1.558
1.440
1.073
1.073
1.240
1.335
1.846
1.153
1.440
1.440
1.240
1.240
1.335
1.440
1.153
1.335
2.028
1.440
1.440
1.335
1.558
1.692
1.335
1.558
1.073
1.440
2.028
2.539
1.692
1.692
1.153
1.440
1.558
1.846
