0.301
0.300
0.301
1.000
0.159
0.068
0.070
0.178
0.155
0.386
0.261
0.152
0.103
0.242
0.157
0.076
0.123
0.111
0.093
0.068
0.083
0.102
0.085
0.103
0.095
1.000
0.230
0.042
0.062
1.000
0.166
0.125
0.062
0.000
0.059
0.200
0.303
0.149
0.161
0.054
0.000
0.000
0.071
0.000
0.067
0.083
0.042
0.057
0.057
0.079
0.000
0.000
0.073
0.076
0.086
0.147
0.137
1.000
1.000
0.204
0.226
0.582
0.238
1.000
0.060
0.084
0.182
0.162
0.604
0.797
0.079
0.068
0.059
0.052
0.059
0.113
0.052
0.057
0.068
0.055
0.068
0.059
0.056
0.056
0.172
0.230
0.336
0.936
0.353
0.190
0.095
0.212
0.057
0.049
0.082
0.167
0.222
0.190
0.129
0.122
0.091
0.122
0.045
0.117
0.057
0.056
0.058
0.045
0.059
0.083
0.051
0.279
0.193
0.123
0.334
0.128
0.204
0.236
0.057
0.084
0.070
0.217
0.131
0.100
0.238
0.133
0.103
0.054
0.122
0.260
0.250
0.111
0.100
0.211
0.163
0.147
0.201
0.272
0.055
0.066
0.060
0.056
0.063
0.043
0.054
0.190
0.066
0.066
0.849
0.047
0.099
0.076
0.050
0.089
0.056
0.102
0.173
0.066
0.054
0.055
0.251
0.098
0.156
0.065
0.094
0.050
0.110
0.070
0.054
0.062
0.070
0.065
0.065
0.065
0.070
0.054
0.096
0.086
0.111
0.072
0.063
0.074
0.058
0.076
0.059
0.066
0.056
0.062
0.150
0.069
0.080
0.058
0.237
0.052
0.076
0.051
0.349
0.423
0.071
0.057
0.000
0.106
0.256
0.058
0.177
0.072
0.074
0.070
0.110
0.125
0.060
0.084
0.093
0.402
0.059
0.176
0.066
0.102
0.097
0.055
0.088
0.084
0.377
0.087
0.074
0.057
0.076
0.575
0.064
0.080
0.060
0.088
0.164
0.052
1.000
0.068
0.000
0.097
0.076
0.099
0.063
0.213
0.102
1.000
0.061
0.059
0.060
0.224
0.091
0.100
0.071
0.916
0.059
0.081
0.071
0.048
0.150
0.070
0.071
0.055
0.235
0.185
0.115
0.059
0.114
0.053
0.104
0.078
0.173
0.129
0.115
0.121
0.106
0.066
0.061
0.090
0.099
0.000
0.086
0.273
0.093
0.176
0.048
0.057
0.079
0.086
0.065
0.155
0.062
0.061
0.137
0.150
0.088
0.074
0.062
0.126
0.070
0.055
0.056
0.315
0.064
0.086
0.074
0.077
0.138
0.086
0.108
0.111
0.155
0.074
0.049
0.275
0.067
0.067
0.099
0.086
0.068
0.000
0.077
0.080
0.067
0.054
