0.576
0.325
0.359
0.346
0.220
0.285
0.068
0.091
0.209
0.290
0.312
1.000
1.000
0.322
0.323
0.273
0.100
0.541
1.000
1.000
0.224
0.118
0.310
1.000
0.200
0.109
0.066
0.147
0.124
0.331
0.174
0.219
1.000
0.178
0.081
1.000
0.177
0.168
0.078
0.091
0.068
0.072
0.296
0.841
0.315
0.064
1.000
1.000
0.139
0.258
0.446
0.761
1.000
0.093
0.151
0.061
0.406
0.341
1.000
0.298
0.145
0.109
0.181
0.288
0.104
0.078
0.152
0.217
0.089
0.079
0.075
0.081
0.091
0.103
0.191
1.000
0.070
1.000
0.165
0.081
0.168
0.065
0.204
1.000
0.461
0.323
0.188
0.233
0.129
0.092
0.077
0.243
0.365
0.157
1.000
0.201
0.092
0.210
0.130
0.100
0.090
0.311
0.067
0.116
0.052
0.508
0.073
0.062
0.082
0.542
0.129
0.114
0.069
0.075
0.093
0.426
0.155
0.231
0.386
1.000
0.106
0.256
1.000
0.098
0.136
0.081
0.121
0.111
0.640
0.272
0.132
1.000
0.120
0.375
0.091
0.154
0.668
0.314
0.694
0.233
0.456
0.276
0.084
0.344
0.363
0.075
0.290
0.286
0.084
0.070
0.134
0.268
0.160
0.439
0.227
0.062
0.132
0.158
0.739
0.165
0.079
0.071
0.118
0.110
0.194
0.085
0.262
0.080
0.060
0.092
0.240
0.246
0.228
0.582
0.128
0.290
0.118
0.208
0.234
0.278
0.076
0.154
0.102
0.240
0.488
1.000
0.479
0.111
0.185
0.135
0.054
0.109
0.077
0.286
0.399
0.261
0.116
0.087
0.076
0.096
0.179
0.057
0.113
0.185
0.085
0.526
0.326
0.134
0.058
0.155
0.123
0.150
0.145
0.101
0.092
0.360
0.069
0.099
0.095
0.065
0.125
0.104
0.078
1.000
0.312
0.269
1.000
0.053
0.181
0.167
0.344
0.239
0.090
0.085
0.066
0.159
0.293
0.194
1.000
0.087
0.345
0.298
0.079
0.073
0.081
0.195
0.113
0.145
0.080
0.133
0.201
0.122
0.161
0.203
0.079
0.216
0.120
0.205
1.000
0.301
0.065
0.056
0.080
0.083
0.308
0.103
0.075
0.069
0.090
0.331
0.157
0.082
0.163
0.272
0.087
0.114
0.082
0.070
0.114
0.196
0.092
0.332
0.203
0.113
0.370
0.173
0.127
0.236
0.297
0.052
0.056
0.140
0.601
0.071
0.120
0.332
0.238
0.073
0.173
0.261
0.351
0.139
0.139
0.083
0.310
0.279
0.055
0.078
1.000
0.110
0.111
0.116
0.083
0.130
0.080
0.077
0.065
0.326
0.428
0.127
0.078
0.216
0.088
0.092
0.075
0.070
0.122
0.097
0.067
0.125
1.000
0.100
1.000
0.110
0.088
0.076
0.089
0.206
0.115
0.065
0.071
0.116
0.085
0.049
0.067
0.113
0.284
0.091
0.380
0.094
0.147
0.134
0.204
0.063
0.206
0.125
0.242
0.093
0.158
0.333
0.405
0.090
0.105
0.261
0.088
0.097
0.076
0.838
0.170
0.188
0.063
0.073
0.294
0.219
0.068
0.072
0.084
0.123
0.262
0.072
0.074
0.164
0.288
0.165
0.147
0.146
0.302
0.154
0.065
0.095
0.628
0.161
0.081
0.462
0.136
0.122
0.338
0.287
0.191
0.063
0.194
0.100
0.123
0.117
0.143
0.091
0.063
0.192
0.111
0.085
0.142
0.137
0.398
0.113
0.320
1.000
0.054
0.233
0.180
0.136
0.116
0.115
0.064
0.132
0.086
0.243
0.094
0.230
0.185
1.000
1.000
0.275
0.101
0.228
0.123
0.145
0.081
0.087
0.056
0.067
0.180
0.139
0.129
0.099
0.091
0.369
0.102
0.206
0.208
0.099
0.102
0.286
0.253
0.152
0.065
0.114
0.136
0.149
0.078
0.090
0.192
0.150
0.104
0.079
0.072
0.126
0.104
1.000
0.082
0.075
0.114
0.099
0.104
0.206
0.104
0.090
0.278
0.141
0.101
0.243
0.446
0.221
0.065
0.340
0.213
0.068
0.643
0.142
0.086
0.186
0.103
0.120
0.080
0.097
0.085
0.072
0.189
0.459
0.086
0.105
0.076
0.165
0.102
0.129
0.082
0.103
0.170
0.067
0.123
0.059
0.098
0.174
0.276
0.097
0.398
0.470
0.153
0.059
0.124
0.077
0.218
0.065
0.134
0.151
0.064
0.106
0.066
0.701
0.076
0.183
0.052
0.116
0.050
0.098
0.098
0.157
0.122
0.505
0.082
0.083
0.099
0.157
1.000
0.083
0.157
0.241
0.096
0.404
0.089
0.049
0.063
0.212
0.117
0.083
1.000
0.118
0.170
0.118
0.198
0.128
0.184
0.317
0.217
0.103
0.100
0.183
0.083
0.321
0.270
0.132
0.074
0.120
0.117
0.145
0.116
0.093
0.052
0.181
0.075
1.000
0.069
0.242
0.508
0.466
0.132
0.079
0.062
0.069
1.000
0.075
0.135
0.111
0.463
0.079
0.175
0.166
0.081
0.090
0.120
0.073
0.056
0.065
0.071
0.069
0.060
0.056
0.048
0.064
0.055
0.079
0.053
0.049
0.074
0.048
0.063
0.084
0.055
0.061
0.058
0.088
0.058
0.070
0.064
0.062
0.060
0.057
0.045
0.055
0.055
0.070
0.090
0.059
0.071
0.064
0.064
0.051
0.065
0.051
0.064
0.065
0.076
0.064
0.065
0.076
0.059
0.066
0.071
0.062
0.050
0.059
0.089
0.167
0.069
0.059
0.052
0.065
0.061
0.097
