0.615
0.819
1.000
0.301
0.367
0.670
0.548
0.546
0.548
0.549
0.301
0.246
0.995
0.669
1.000
0.670
0.449
0.667
0.819
0.670
0.368
0.549
0.206
0.670
0.670
1.000
1.000
0.819
0.819
0.805
0.819
1.000
0.163
0.138
0.819
0.549
0.027
0.449
0.818
0.670
0.670
0.549
0.368
0.546
0.667
0.546
0.301
0.818
0.669
0.667
0.546
0.546
0.815
0.348
0.670
0.540
0.307
0.819
0.039
0.546
0.362
0.549
0.659
0.425
0.060
0.670
0.060
0.667
0.362
0.819
0.348
0.819
0.362
0.670
0.670
1.000
0.366
0.546
1.000
0.669
0.818
0.133
0.805
0.667
0.540
0.113
0.667
0.670
0.449
0.670
0.089
0.449
0.307
0.818
0.669
0.296
0.301
0.246
0.362
0.162
0.157
0.243
0.198
0.296
0.108
0.089
0.089
0.233
0.548
0.442
0.667
0.285
0.060
0.449
0.366
0.425
0.442
0.540
0.089
0.307
0.251
0.458
0.251
0.520
0.073
0.296
0.251
0.659
0.089
0.301
0.442
0.307
0.348
0.191
0.132
0.546
0.113
0.348
0.669
0.206
0.251
0.425
0.108
0.233
0.659
0.132
0.307
0.375
0.073
0.040
0.362
0.133
0.548
0.191
0.251
0.520
0.089
0.442
0.447
0.348
0.073
0.062
0.635
0.447
0.447
0.199
0.300
0.060
0.206
0.168
0.285
0.168
0.296
0.073
0.458
0.243
0.301
0.089
0.367
0.206
0.296
0.348
0.368
0.449
0.449
0.073
0.060
0.113
0.090
0.164
