0.334
0.815
0.819
1.000
0.669
0.548
0.245
0.301
0.367
0.000
0.670
0.548
0.000
0.546
0.548
0.549
0.301
0.246
0.000
0.000
0.348
0.251
0.301
0.367
0.368
0.296
0.000
0.348
0.635
0.285
0.995
0.669
0.090
0.164
1.000
0.670
0.449
0.301
0.042
0.089
0.667
0.819
0.670
0.368
0.201
0.000
0.367
0.549
0.000
0.233
0.058
0.128
0.296
0.033
0.206
0.198
0.442
0.670
0.670
0.073
0.206
0.168
0.449
0.348
1.000
1.000
0.819
0.819
0.805
0.819
1.000
1.000
0.163
0.138
0.819
0.549
0.818
0.819
0.447
0.449
0.000
0.246
0.168
0.027
0.425
0.168
0.375
0.449
0.307
0.449
0.113
0.206
0.060
0.000
0.449
0.669
0.818
0.815
0.659
0.520
0.285
0.669
0.073
0.049
0.108
0.670
0.670
0.549
0.368
0.546
0.667
0.546
0.233
0.301
0.049
0.049
0.092
0.040
0.076
0.000
0.285
0.060
0.818
0.669
0.348
0.667
0.540
0.546
0.546
0.245
0.251
0.367
0.815
0.659
0.520
0.805
0.635
0.458
0.348
0.368
0.670
0.447
0.540
0.307
0.000
0.449
0.362
0.285
0.367
0.819
0.039
0.073
0.000
0.089
0.168
0.073
0.049
0.033
0.548
0.191
0.157
0.815
0.092
0.442
0.162
0.049
0.447
0.060
0.546
0.000
0.348
0.191
0.040
0.089
0.805
0.362
0.549
0.251
0.000
0.362
0.060
0.659
0.132
0.296
0.233
0.367
0.089
0.348
0.089
0.285
0.442
0.449
0.296
0.425
0.089
0.086
0.233
0.128
0.540
0.162
0.060
0.060
0.296
0.669
0.199
0.233
0.049
0.670
0.060
0.206
0.073
0.000
0.667
0.667
0.108
0.060
0.000
0.296
0.442
0.548
0.049
0.362
0.206
0.000
0.089
0.000
0.243
0.348
0.520
0.113
0.000
0.375
0.300
0.000
0.819
0.157
0.549
0.243
0.296
0.520
0.138
0.300
0.348
0.819
0.362
0.157
0.062
0.113
0.670
0.243
0.540
0.296
0.251
0.670
0.073
1.000
0.089
0.040
0.199
0.251
0.348
0.073
0.366
0.546
1.000
0.089
0.108
0.000
0.546
0.669
0.191
0.000
0.206
0.132
0.818
0.033
0.285
0.089
0.133
0.667
0.285
0.113
0.132
0.805
0.667
0.540
0.113
0.285
0.199
0.307
0.285
0.670
0.301
0.667
0.442
0.540
0.540
0.108
0.659
0.307
0.815
0.458
0.670
0.449
0.670
0.040
0.089
0.168
0.251
0.132
0.449
0.086
0.133
0.000
0.301
0.425
0.307
0.449
0.206
0.307
0.089
0.073
0.073
0.659
0.233
0.348
0.348
0.168
0.000
0.458
0.348
0.546
0.307
0.818
0.251
0.168
0.000
0.669
0.296
0.366
0.307
0.243
0.285
0.301
0.243
0.000
0.191
0.163
0.089
