0.582
0.883
0.892
0.917
0.769
0.850
0.252
0.532
0.804
0.871
0.866
1.000
1.000
0.884
0.894
0.787
0.523
0.939
1.000
1.000
0.816
0.000
0.544
0.877
1.000
0.798
0.509
0.245
0.715
0.397
0.895
0.704
0.816
1.000
0.771
0.413
1.000
0.743
0.735
0.457
0.495
0.321
0.267
0.883
0.986
0.886
0.279
1.000
1.000
0.673
0.855
0.930
0.983
1.000
0.527
0.734
0.223
0.876
0.887
1.000
0.898
0.602
0.597
0.722
0.867
0.577
0.357
0.761
0.828
0.503
0.359
0.275
0.292
0.468
0.608
0.782
1.000
0.307
1.000
0.767
0.290
0.730
0.379
0.805
1.000
0.918
0.883
0.730
0.821
0.645
0.448
0.424
0.806
0.914
0.738
1.000
0.806
0.472
0.813
0.674
0.474
0.472
0.893
0.325
0.618
0.125
0.934
0.385
0.220
0.464
0.947
0.605
0.376
0.372
0.272
0.000
0.514
0.932
0.667
0.835
0.920
1.000
0.552
0.844
1.000
0.457
0.551
0.290
0.663
0.528
0.964
0.850
0.649
1.000
0.673
0.908
0.375
0.676
0.973
0.907
0.976
0.822
0.943
0.801
0.376
0.897
0.922
0.470
0.873
0.883
0.355
0.183
0.637
0.808
0.737
0.935
0.832
0.234
0.697
0.707
0.976
0.710
0.463
0.401
0.637
0.557
0.788
0.491
0.826
0.288
0.297
0.495
0.623
0.867
0.830
0.963
0.685
0.863
0.639
0.794
0.848
0.864
0.460
0.690
0.499
0.728
0.934
1.000
0.940
0.498
0.728
0.660
0.211
0.647
0.351
0.862
0.939
0.611
0.613
0.432
0.405
0.464
0.678
0.212
0.498
0.722
0.303
0.961
0.880
0.650
0.291
0.665
0.678
0.704
0.683
0.345
0.471
0.893
0.320
0.499
0.329
0.152
0.524
0.566
0.392
1.000
0.850
0.855
1.000
0.205
0.788
0.654
0.878
0.823
0.382
0.302
0.078
0.683
0.863
0.794
1.000
0.386
0.882
0.862
0.409
0.270
0.291
0.765
0.588
0.660
0.499
0.580
0.801
0.702
0.750
0.766
0.311
0.782
0.565
0.772
1.000
0.887
0.100
0.087
0.438
0.525
0.840
0.377
0.298
0.396
0.429
0.895
0.704
0.441
0.678
0.829
0.516
0.602
0.439
0.333
0.538
0.707
0.571
0.909
0.816
0.657
0.886
0.680
0.712
0.821
0.854
0.081
0.215
0.699
0.963
0.337
0.674
0.868
0.816
0.453
0.724
0.842
0.889
0.662
0.711
0.372
0.881
0.847
0.214
0.267
1.000
0.594
0.368
0.644
0.495
0.663
0.400
0.454
0.305
0.873
0.931
0.591
0.397
0.797
0.309
0.470
0.416
0.258
0.575
0.446
0.250
0.400
1.000
0.481
1.000
0.484
0.311
0.276
0.338
0.801
0.658
0.315
0.333
0.644
0.299
0.077
0.432
0.619
0.879
0.512
0.927
0.479
0.533
0.639
0.781
0.235
0.798
0.531
0.794
0.475
0.720
0.872
0.928
0.517
0.440
0.700
0.337
0.404
0.273
0.988
0.699
0.709
0.227
0.269
0.886
0.770
0.276
0.263
0.299
0.677
0.863
0.317
0.451
0.729
0.867
0.722
0.679
0.688
0.875
0.764
0.303
0.515
0.961
0.501
0.427
0.950
0.652
0.517
0.901
0.820
0.729
0.097
0.722
0.452
0.582
0.650
0.669
0.570
0.238
0.782
0.617
0.376
0.689
0.706
0.900
0.649
0.896
1.000
0.064
0.853
0.683
0.712
0.536
0.612
0.360
0.695
0.452
0.808
0.476
0.834
0.732
1.000
1.000
0.861
0.528
0.799
0.444
0.660
0.281
0.456
0.066
0.302
0.722
0.711
0.628
0.572
0.442
0.892
0.375
0.754
0.793
0.442
0.346
0.820
0.848
0.660
0.358
0.582
0.525
0.631
0.311
0.383
0.656
0.642
0.540
0.467
0.465
0.687
0.506
1.000
0.439
0.349
0.631
0.483
0.583
0.770
0.468
0.341
0.846
0.463
0.488
0.836
0.917
0.768
0.268
0.879
0.669
0.315
0.968
0.436
0.422
0.685
0.494
0.390
0.332
0.000
0.551
0.304
0.265
0.714
0.934
0.302
0.458
0.276
0.663
0.529
0.557
0.294
0.512
0.771
0.290
0.677
0.226
0.576
0.715
0.804
0.586
0.900
0.935
0.756
0.223
0.664
0.353
0.823
0.242
0.654
0.695
0.315
0.614
0.245
0.977
0.276
0.754
0.081
0.643
0.078
0.463
0.583
0.723
0.650
0.945
0.439
0.524
0.585
0.654
1.000
0.408
0.684
0.783
0.453
0.926
0.454
0.058
0.349
0.799
0.629
0.297
1.000
0.568
0.731
0.622
0.770
0.615
0.702
0.893
0.772
0.504
0.521
0.811
0.479
0.855
0.843
0.653
0.441
0.642
0.617
0.647
0.600
0.519
0.255
0.725
0.416
1.000
0.332
0.828
0.934
0.930
0.669
0.284
0.234
0.254
1.000
0.299
0.578
0.559
0.935
0.282
0.686
0.713
0.370
0.440
0.575
0.244
0.282
0.152
0.083
0.180
0.089
0.066
0.056
0.235
0.000
0.000
0.064
0.349
0.062
0.058
0.081
0.056
0.074
0.425
0.065
0.000
0.072
0.069
0.000
0.423
0.224
0.260
0.333
0.307
0.000
0.257
0.088
0.053
0.215
0.152
0.187
0.316
0.162
0.083
0.312
0.172
0.080
0.222
0.080
0.172
0.092
0.419
0.239
0.311
0.202
0.289
0.249
0.081
0.131
0.078
0.139
0.388
0.676
0.000
0.081
0.291
0.081
0.244
0.298
0.581
