0.341
0.817
0.900
1.000
0.628
0.453
0.228
0.385
0.420
0.091
0.793
0.615
0.100
0.607
0.686
0.662
0.410
0.194
0.071
0.071
0.296
0.240
0.293
0.332
0.401
0.351
0.083
0.224
0.607
0.311
1.000
0.678
0.120
0.154
1.000
0.769
0.542
0.307
0.082
0.117
0.690
0.922
0.771
0.583
0.201
0.077
0.252
0.600
0.091
0.167
0.091
0.123
0.218
0.079
0.231
0.186
0.373
0.783
0.783
0.107
0.257
0.233
0.502
0.359
1.000
1.000
0.821
0.867
0.891
0.892
1.000
1.000
0.157
0.137
0.847
0.649
0.788
0.888
0.341
0.296
0.056
0.194
0.143
0.074
0.482
0.143
0.250
0.296
0.211
0.296
0.152
0.192
0.094
0.042
0.513
0.678
0.808
0.874
0.700
0.475
0.311
0.751
0.103
0.087
0.125
0.818
0.776
0.661
0.401
0.354
0.451
0.354
0.167
0.453
0.087
0.087
0.115
0.081
0.106
0.050
0.231
0.094
0.833
0.635
0.265
0.701
0.501
0.610
0.610
0.190
0.182
0.252
0.858
0.608
0.376
0.866
0.607
0.387
0.321
0.471
0.727
0.562
0.358
0.211
0.167
0.527
0.394
0.318
0.457
0.900
0.081
0.107
0.071
0.117
0.143
0.103
0.087
0.075
0.493
0.150
0.135
0.849
0.108
0.295
0.160
0.087
0.378
0.094
0.563
0.091
0.281
0.197
0.081
0.113
0.726
0.276
0.565
0.192
0.083
0.435
0.094
0.539
0.140
0.219
0.184
0.252
0.113
0.287
0.113
0.208
0.296
0.639
0.300
0.371
0.113
0.105
0.224
0.123
0.359
0.160
0.094
0.094
0.300
0.642
0.243
0.205
0.087
0.821
0.094
0.193
0.107
0.091
0.723
0.680
0.148
0.094
0.071
0.285
0.391
0.688
0.087
0.252
0.220
0.083
0.117
0.071
0.193
0.321
0.440
0.118
0.071
0.321
0.252
0.083
0.807
0.135
0.593
0.193
0.219
0.402
0.137
0.252
0.287
0.874
0.251
0.135
0.099
0.125
0.778
0.194
0.566
0.219
0.220
0.692
0.103
1.000
0.113
0.081
0.259
0.230
0.321
0.103
0.442
0.607
1.000
0.113
0.125
0.077
0.408
0.618
0.150
0.067
0.207
0.140
0.859
0.075
0.208
0.113
0.144
0.686
0.208
0.165
0.146
0.796
0.801
0.566
0.174
0.231
0.173
0.267
0.233
0.662
0.467
0.686
0.442
0.438
0.438
0.125
0.539
0.250
0.809
0.357
0.599
0.296
0.772
0.081
0.117
0.183
0.224
0.140
0.545
0.105
0.143
0.091
0.370
0.377
0.250
0.496
0.193
0.283
0.113
0.103
0.107
0.721
0.231
0.287
0.287
0.143
0.111
0.454
0.240
0.402
0.296
0.771
0.218
0.183
0.077
0.766
0.218
0.287
0.222
0.269
0.282
0.419
0.273
0.071
0.201
0.157
0.113
