0.332
0.669
0.738
1.000
0.470
0.339
0.168
0.237
0.269
0.091
0.567
0.411
0.100
0.408
0.448
0.435
0.246
0.154
0.071
0.071
0.221
0.184
0.204
0.235
0.261
0.225
0.083
0.190
0.460
0.211
1.000
0.496
0.095
0.123
1.000
0.551
0.342
0.209
0.071
0.108
0.503
0.762
0.552
0.334
0.148
0.077
0.204
0.404
0.091
0.144
0.077
0.105
0.175
0.072
0.169
0.176
0.274
0.560
0.560
0.098
0.178
0.160
0.326
0.245
1.000
1.000
0.672
0.708
0.729
0.731
1.000
1.000
0.124
0.116
0.692
0.428
0.650
0.726
0.261
0.242
0.056
0.154
0.125
0.068
0.317
0.125
0.223
0.242
0.186
0.242
0.116
0.154
0.088
0.042
0.330
0.496
0.664
0.714
0.508
0.348
0.211
0.538
0.096
0.082
0.117
0.585
0.555
0.434
0.261
0.296
0.387
0.296
0.144
0.262
0.082
0.082
0.097
0.076
0.090
0.050
0.180
0.088
0.681
0.474
0.209
0.509
0.359
0.409
0.409
0.153
0.160
0.204
0.701
0.461
0.306
0.707
0.460
0.311
0.231
0.288
0.524
0.351
0.298
0.186
0.167
0.336
0.259
0.213
0.283
0.738
0.068
0.098
0.071
0.108
0.125
0.096
0.082
0.071
0.356
0.128
0.115
0.693
0.094
0.242
0.151
0.083
0.275
0.088
0.387
0.091
0.215
0.147
0.077
0.106
0.613
0.203
0.388
0.165
0.083
0.274
0.088
0.427
0.132
0.176
0.150
0.204
0.106
0.218
0.106
0.171
0.242
0.386
0.207
0.273
0.106
0.096
0.166
0.105
0.299
0.151
0.088
0.088
0.207
0.477
0.163
0.159
0.082
0.587
0.088
0.154
0.098
0.091
0.522
0.498
0.117
0.088
0.071
0.201
0.281
0.448
0.082
0.204
0.164
0.083
0.108
0.071
0.154
0.231
0.333
0.103
0.071
0.252
0.188
0.083
0.663
0.115
0.401
0.154
0.176
0.317
0.117
0.188
0.218
0.714
0.203
0.115
0.083
0.117
0.556
0.154
0.388
0.176
0.175
0.504
0.096
1.000
0.106
0.076
0.169
0.180
0.231
0.096
0.277
0.408
1.000
0.106
0.117
0.077
0.320
0.466
0.128
0.067
0.159
0.132
0.702
0.071
0.171
0.106
0.113
0.501
0.171
0.121
0.135
0.656
0.573
0.388
0.124
0.180
0.137
0.210
0.181
0.488
0.267
0.501
0.301
0.332
0.332
0.117
0.427
0.203
0.664
0.298
0.456
0.242
0.552
0.076
0.108
0.141
0.166
0.132
0.344
0.089
0.113
0.091
0.232
0.275
0.203
0.323
0.154
0.216
0.106
0.096
0.098
0.520
0.169
0.218
0.218
0.125
0.111
0.339
0.199
0.317
0.221
0.640
0.176
0.141
0.077
0.548
0.175
0.218
0.210
0.182
0.200
0.250
0.180
0.071
0.148
0.124
0.106
