0.347
0.990
0.999
1.000
0.956
0.849
0.577
0.910
0.916
0.091
0.996
0.977
0.100
0.975
0.994
0.988
0.933
0.419
0.071
0.071
0.669
0.558
0.738
0.771
0.895
0.866
0.083
0.557
0.943
0.787
1.000
0.978
0.280
0.437
1.000
0.995
0.969
0.777
0.140
0.162
0.981
1.000
0.995
0.988
0.525
0.077
0.502
0.973
0.091
0.292
0.171
0.224
0.452
0.111
0.591
0.232
0.787
0.996
0.996
0.148
0.691
0.662
0.950
0.831
1.000
1.000
0.991
0.997
0.999
0.999
1.000
1.000
0.355
0.251
0.995
0.986
0.983
0.998
0.705
0.558
0.056
0.419
0.234
0.104
0.937
0.234
0.379
0.558
0.328
0.558
0.381
0.410
0.121
0.042
0.956
0.978
0.989
0.998
0.983
0.881
0.787
0.992
0.131
0.112
0.159
0.998
0.995
0.988
0.895
0.794
0.700
0.794
0.292
0.960
0.112
0.112
0.215
0.104
0.201
0.050
0.583
0.121
0.993
0.960
0.556
0.984
0.911
0.976
0.976
0.400
0.292
0.502
0.996
0.944
0.676
0.997
0.943
0.707
0.742
0.954
0.989
0.976
0.622
0.381
0.167
0.963
0.886
0.803
0.946
0.999
0.153
0.148
0.071
0.162
0.234
0.131
0.112
0.097
0.903
0.265
0.243
0.995
0.182
0.556
0.201
0.112
0.798
0.121
0.957
0.091
0.617
0.502
0.104
0.144
0.953
0.751
0.958
0.335
0.083
0.929
0.121
0.874
0.178
0.456
0.369
0.502
0.144
0.638
0.144
0.406
0.557
0.991
0.758
0.783
0.144
0.194
0.557
0.224
0.627
0.201
0.121
0.121
0.758
0.963
0.702
0.472
0.112
0.998
0.121
0.413
0.148
0.091
0.988
0.978
0.449
0.121
0.071
0.714
0.825
0.992
0.112
0.502
0.540
0.083
0.162
0.071
0.414
0.742
0.828
0.196
0.071
0.644
0.723
0.083
0.988
0.243
0.970
0.414
0.456
0.746
0.251
0.596
0.638
0.998
0.508
0.243
0.188
0.232
0.995
0.418
0.958
0.456
0.540
0.982
0.131
1.000
0.144
0.104
0.794
0.506
0.742
0.131
0.935
0.975
1.000
0.144
0.159
0.077
0.761
0.951
0.265
0.067
0.480
0.178
0.996
0.097
0.406
0.144
0.335
0.980
0.406
0.451
0.199
0.986
0.997
0.958
0.503
0.591
0.382
0.564
0.518
0.972
0.966
0.980
0.900
0.823
0.823
0.159
0.874
0.496
0.989
0.619
0.938
0.577
0.995
0.111
0.162
0.434
0.557
0.178
0.970
0.194
0.331
0.091
0.894
0.796
0.496
0.946
0.413
0.621
0.144
0.131
0.148
0.988
0.591
0.706
0.638
0.234
0.111
0.850
0.451
0.747
0.669
0.978
0.451
0.434
0.077
0.994
0.452
0.639
0.353
0.729
0.706
0.940
0.793
0.071
0.524
0.355
0.144
