0.634
9.841
12.268
5.922
5.769
9.123
7.021
6.880
9.442
7.930
6.394
2.334
0.000
9.002
6.445
9.568
8.505
6.962
6.690
11.064
8.716
8.716
6.737
3.337
8.856
8.856
7.591
12.068
6.826
8.399
9.416
9.475
11.981
11.064
2.306
1.593
7.678
7.678
0.802
6.445
6.445
9.841
8.663
7.912
5.406
4.946
2.224
4.946
7.187
7.187
5.589
6.932
6.932
6.932
8.077
3.848
7.490
2.306
2.620
0.000
9.841
1.532
6.061
4.402
6.424
3.800
3.848
0.596
9.922
0.596
7.411
2.332
6.421
3.140
8.670
2.855
8.723
6.737
7.760
6.161
6.875
9.284
5.268
8.115
2.332
6.109
9.360
6.109
3.337
6.609
4.910
3.258
8.560
0.802
6.134
3.337
5.442
8.409
2.306
6.561
2.334
5.279
0.802
1.532
2.306
0.802
2.332
3.292
0.596
0.802
3.336
0.000
4.806
3.292
6.494
2.691
0.000
0.596
2.334
3.144
5.885
2.332
6.110
0.596
0.000
2.691
3.140
4.089
1.593
3.140
0.596
2.332
2.298
5.081
0.596
5.654
4.235
2.298
3.140
3.012
0.596
3.144
3.037
2.645
5.715
2.691
2.620
3.965
0.596
2.036
0.000
7.355
0.596
1.290
1.290
0.802
0.596
6.039
2.306
8.459
1.532
3.037
2.645
0.596
5.176
3.258
4.615
0.596
0.000
1.593
5.053
7.332
3.979
0.000
4.235
3.144
0.596
2.283
1.290
0.000
4.615
1.290
5.279
0.000
0.802
2.855
2.332
4.076
0.802
4.076
3.968
2.332
3.140
5.414
2.334
2.334
0.802
0.000
0.596
2.620
2.224
3.337
