0.616
0.500
0.333
0.333
0.111
0.500
0.333
0.500
1.000
1.000
0.500
0.333
0.500
1.000
1.000
0.333
0.056
0.200
1.000
0.333
0.333
0.200
1.000
0.167
1.000
0.250
0.111
0.143
0.500
0.111
1.000
0.500
0.500
0.500
1.000
0.200
0.125
0.500
0.333
0.250
0.100
0.333
0.250
0.200
0.167
0.200
0.200
0.250
0.333
1.000
0.250
0.200
0.333
0.500
0.333
0.200
0.200
0.333
0.250
1.000
0.125
0.167
0.500
0.143
0.077
0.333
0.167
0.143
0.200
0.500
0.200
0.250
0.125
0.125
0.053
0.500
0.333
1.000
0.200
1.000
0.250
0.250
0.200
0.200
0.167
0.250
0.333
1.000
0.250
0.500
0.143
0.333
0.500
0.333
0.500
0.500
0.500
0.333
0.250
0.500
0.143
0.143
0.333
0.200
0.200
0.250
0.167
0.333
0.250
0.167
0.500
0.500
0.500
0.250
0.143
0.500
0.333
1.000
0.500
0.250
0.200
0.125
0.125
0.333
0.333
0.167
0.200
0.125
0.167
0.333
0.143
0.333
0.333
0.333
0.250
0.333
0.111
0.167
0.250
0.200
0.333
0.333
1.000
0.500
0.100
0.250
0.500
0.500
0.125
0.250
0.167
0.333
1.000
0.333
0.333
0.200
0.167
0.167
0.333
0.333
0.167
0.250
0.250
0.333
0.200
0.333
1.000
0.333
0.111
0.143
0.125
0.500
0.143
0.125
0.500
0.333
0.200
0.250
0.083
0.200
0.333
0.333
0.333
0.333
0.500
0.333
0.143
0.333
0.200
0.500
0.167
0.250
0.250
0.250
0.250
0.143
0.200
0.111
1.000
0.200
0.333
0.250
0.250
0.333
0.167
0.200
0.200
0.333
0.143
0.143
0.333
0.111
0.143
0.333
1.000
0.200
1.000
0.250
0.167
0.167
0.125
0.200
0.200
0.250
0.200
0.333
0.200
0.167
0.500
0.333
0.143
0.100
0.333
0.200
0.500
0.250
0.333
0.143
0.333
0.500
0.200
0.143
0.333
0.333
0.333
0.333
0.500
0.500
0.250
0.333
0.250
0.200
0.333
0.333
0.250
0.200
0.250
0.250
0.167
0.250
0.200
0.200
0.333
0.333
0.125
0.333
0.143
0.143
0.250
1.000
1.000
0.167
0.200
0.200
0.167
0.091
0.100
0.250
0.333
0.250
0.333
0.167
0.500
0.250
0.200
0.143
0.143
0.250
0.500
0.167
0.250
0.333
0.333
0.167
1.000
0.333
0.100
0.500
0.200
0.143
0.250
0.200
0.111
0.250
0.500
0.100
0.500
0.250
0.200
0.250
0.250
0.100
0.083
0.200
0.500
0.250
0.200
0.250
0.200
0.250
0.333
0.250
0.143
0.125
0.333
0.500
0.333
0.143
0.250
0.077
0.111
0.333
0.125
0.250
0.067
0.071
0.250
0.500
0.333
0.250
1.000
0.167
0.200
0.333
0.250
0.500
0.250
0.250
0.125
0.200
0.200
0.333
0.333
0.250
0.111
0.500
0.200
0.125
0.200
0.167
0.111
1.000
0.091
0.500
0.333
0.500
0.111
0.200
0.125
1.000
0.125
0.250
0.200
0.167
0.125
0.200
0.111
0.100
0.111
0.077
0.059
0.100
0.143
0.083
0.083
0.091
0.067
0.091
0.067
0.083
0.125
0.143
0.100
0.077
0.100
0.167
0.083
0.111
0.091
0.083
0.100
0.111
0.100
0.100
0.111
0.200
0.333
0.111
0.125
