0.387
6.719
15.274
9.422
2.462
10.053
12.329
6.943
9.713
8.070
9.583
4.040
4.294
6.630
4.322
9.321
0.000
9.407
13.664
9.226
1.543
7.294
13.194
4.112
2.462
6.999
3.363
1.543
5.228
3.069
4.833
12.635
10.879
11.054
9.198
7.677
4.730
12.278
8.637
10.904
8.465
10.011
5.218
10.256
3.363
1.543
1.543
7.837
8.637
9.178
7.563
2.462
5.318
10.391
8.637
9.687
4.112
8.078
8.637
3.326
7.430
7.775
11.362
5.582
0.885
8.092
4.112
2.462
7.305
9.130
10.304
1.543
4.112
2.462
0.000
9.544
12.501
8.469
7.283
5.558
7.430
3.225
2.462
10.211
8.465
15.274
8.637
12.278
9.597
12.278
3.534
8.458
11.873
9.106
9.297
11.906
12.096
11.323
4.848
9.493
3.534
6.586
8.458
2.462
9.898
9.270
7.560
10.785
8.152
6.290
5.245
14.581
11.403
7.283
8.805
6.749
9.922
12.971
8.957
7.430
6.586
1.543
3.363
6.750
1.482
4.112
6.262
1.482
5.181
13.328
1.543
8.637
7.970
8.668
1.543
7.083
5.668
3.625
2.379
0.885
6.270
5.487
8.490
5.867
2.462
6.018
12.329
9.922
6.301
1.543
7.083
8.637
12.016
10.126
12.383
7.775
4.730
1.543
6.999
6.637
7.083
3.625
6.750
6.778
5.275
10.785
5.981
8.540
0.855
5.181
5.181
13.482
4.286
7.430
7.970
5.724
5.487
5.218
5.582
3.625
3.263
9.466
10.368
11.403
9.922
7.150
0.855
10.368
9.898
13.328
7.283
7.083
9.130
7.288
13.328
3.363
10.867
4.730
6.446
5.218
1.543
8.930
2.857
9.478
3.263
3.263
3.225
6.943
1.543
2.462
6.290
5.896
1.543
1.543
9.442
10.150
12.789
1.543
4.267
3.363
2.379
9.618
8.595
5.668
7.083
7.431
4.112
8.070
12.329
9.045
7.677
5.582
5.908
5.833
10.855
9.100
10.053
5.833
1.543
14.581
10.592
1.543
10.774
5.181
9.427
6.778
11.718
11.663
4.267
8.128
7.203
6.270
10.855
7.560
7.083
3.225
3.263
5.405
1.543
9.898
5.599
6.262
8.092
4.848
6.262
8.668
7.430
7.430
4.833
8.285
5.388
3.263
3.155
7.083
1.543
2.379
5.245
5.893
7.373
4.463
13.328
4.112
14.175
10.211
7.035
5.320
1.543
3.645
11.942
4.112
5.908
5.908
11.403
8.805
10.917
12.278
4.267
12.971
4.267
6.749
10.218
13.077
4.267
8.458
5.896
6.301
9.018
5.253
5.891
6.301
1.543
3.069
0.000
1.543
5.797
2.462
1.543
3.263
3.263
5.353
1.543
5.353
3.069
2.379
6.719
7.970
8.092
3.363
9.687
5.582
2.462
13.482
1.543
8.092
2.379
2.379
9.618
9.493
6.637
8.939
9.090
7.463
9.008
3.326
6.018
5.818
8.561
9.396
1.543
10.368
9.687
10.199
6.586
8.103
7.430
12.278
8.329
7.677
12.971
8.595
7.430
4.848
5.582
9.287
8.092
8.637
2.462
3.534
4.730
12.016
5.181
11.403
6.270
6.674
4.112
7.141
2.379
1.163
2.379
2.379
0.000
0.000
6.301
2.379
2.379
2.379
2.379
2.379
0.000
0.000
4.730
6.637
5.582
1.543
1.163
2.379
1.163
5.582
2.379
1.163
2.379
2.462
1.163
2.379
0.885
3.363
6.586
2.462
3.363
