-0.334
22.858
28.462
14.137
11.641
1.039
29.063
17.887
11.045
28.657
2.516
19.122
19.059
1.000
12.536
26.371
24.581
5.055
23.481
4.032
10.132
22.525
1.000
23.790
24.543
5.384
14.825
16.299
19.717
22.485
13.700
28.503
19.371
1.030
24.374
11.223
19.233
6.283
7.092
1.026
9.735
11.525
10.534
25.693
21.310
16.870
14.888
25.844
9.153
1.000
11.921
21.548
25.236
17.001
8.902
7.449
19.165
22.341
9.690
11.224
21.445
20.208
24.212
21.429
23.550
16.888
16.648
20.265
18.121
1.531
25.321
11.085
26.278
16.300
23.994
3.472
28.839
3.848
25.647
1.000
28.227
16.979
21.548
4.815
22.224
29.756
8.701
18.779
23.029
27.165
26.472
25.639
27.453
26.098
12.622
21.176
3.563
25.237
16.371
4.584
25.037
21.017
25.785
22.496
13.900
18.185
27.834
4.376
4.115
20.742
21.601
23.446
1.158
12.521
17.889
23.611
3.954
18.411
1.924
23.581
16.556
21.203
23.256
4.583
4.426
18.872
25.748
20.834
26.333
30.854
14.110
8.701
12.081
21.499
15.801
4.965
20.640
16.223
22.916
14.183
12.170
29.756
1.000
4.747
19.791
23.425
30.449
21.642
19.973
17.592
5.753
7.136
20.122
20.079
20.807
9.034
9.824
13.175
5.379
29.245
17.726
17.672
19.077
21.310
19.368
6.107
1.000
2.476
13.065
22.687
19.178
1.693
7.574
21.844
19.319
16.243
24.304
23.710
14.208
16.900
3.313
4.037
20.331
4.336
6.352
18.652
18.800
6.267
5.354
22.282
9.219
7.292
7.471
21.324
30.854
12.145
25.690
20.386
20.454
8.699
21.432
3.462
22.536
17.820
18.259
22.851
27.117
5.425
11.722
25.443
18.406
12.410
24.690
10.799
18.759
20.208
24.079
18.348
10.205
22.336
17.202
23.020
26.290
29.063
18.918
11.481
19.319
8.601
28.392
19.863
10.617
23.554
7.227
24.016
16.523
23.233
6.220
23.885
18.952
15.382
3.964
21.577
5.404
24.543
25.237
16.200
23.256
23.178
17.888
1.119
16.221
20.356
20.580
19.522
17.321
13.349
14.577
14.703
11.348
24.611
23.470
26.412
15.379
16.131
31.548
9.213
20.797
22.670
7.669
15.943
20.466
17.903
21.600
20.053
24.579
26.760
26.067
19.528
26.829
22.617
27.859
28.180
21.105
18.656
5.432
20.702
12.537
11.122
17.600
17.284
15.088
18.619
4.336
17.512
1.000
18.189
16.642
18.567
19.817
19.982
8.589
27.559
18.589
22.510
24.681
15.024
21.581
24.579
19.178
26.504
7.308
16.669
17.185
14.804
3.444
25.118
14.557
12.578
11.041
22.722
22.597
20.138
21.003
19.125
19.297
19.107
15.350
21.869
9.007
12.881
23.256
1.693
16.793
8.248
28.045
27.639
21.403
3.225
10.915
26.789
18.504
11.940
18.631
5.054
14.825
2.411
5.440
22.944
15.183
29.602
8.486
25.290
8.995
22.523
21.132
13.971
24.904
6.473
25.526
28.369
25.147
1.000
29.468
19.010
16.888
8.460
15.848
22.598
22.580
23.313
20.742
7.356
20.356
17.388
17.779
19.897
22.780
23.541
25.785
18.847
27.910
25.972
29.938
21.561
26.424
15.817
22.358
26.145
18.268
16.491
29.938
29.938
13.035
17.994
24.119
18.267
23.563
24.843
16.793
24.587
25.337
26.199
22.216
26.498
13.787
18.742
7.896
21.844
31.548
