0.589
0.966
1.000
0.727
0.737
0.870
0.545
0.571
1.000
1.000
0.545
0.909
0.909
1.000
1.000
0.952
0.909
0.667
0.400
0.952
0.933
0.933
0.929
0.889
0.800
0.800
0.857
0.800
0.857
0.889
0.769
0.545
0.966
0.333
0.667
0.267
0.267
0.857
0.667
0.947
0.615
0.947
0.667
0.900
0.889
1.000
0.875
0.933
0.909
0.857
0.769
0.375
0.857
0.706
0.667
0.308
0.545
0.625
0.571
0.667
0.400
0.471
0.588
0.625
0.455
0.308
0.308
0.533
0.824
0.714
0.857
0.571
0.167
0.267
0.706
0.667
0.714
0.769
0.308
0.545
0.750
0.500
0.286
0.714
0.545
0.615
0.500
0.364
0.800
0.375
0.615
0.875
0.462
0.500
0.333
0.533
0.833
0.545
0.600
0.286
0.235
0.667
0.500
0.824
0.500
0.308
0.714
0.615
0.286
0.154
0.750
0.750
0.133
0.667
0.471
0.429
0.167
0.571
0.429
0.625
0.154
0.286
0.700
0.308
0.737
0.615
0.815
0.667
0.286
