0.538
0.952
0.909
0.833
0.556
0.968
0.900
0.706
0.667
1.000
0.960
0.706
0.952
1.000
1.000
0.909
0.105
0.857
1.000
0.889
0.750
0.714
1.000
0.667
1.000
0.842
0.600
0.600
0.909
0.400
1.000
0.941
0.941
0.947
1.000
0.815
0.533
0.909
0.900
0.842
0.471
0.923
0.727
0.867
0.706
0.667
0.667
0.783
0.900
1.000
0.842
0.714
0.857
0.947
0.900
0.762
0.750
0.900
0.857
1.000
0.588
0.667
0.952
0.600
0.333
0.909
0.706
0.625
0.714
0.960
0.667
0.800
0.632
0.588
0.100
0.941
0.900
0.833
0.625
1.000
0.769
0.769
0.714
0.818
0.615
0.857
0.900
1.000
0.842
0.933
0.571
0.875
0.947
0.923
0.947
0.960
0.966
0.900
0.857
0.947
0.625
0.667
0.875
0.714
0.778
0.769
0.615
0.875
0.842
0.667
0.857
0.923
0.909
0.842
0.625
0.909
0.900
1.000
0.933
0.800
0.778
0.571
0.632
0.909
0.857
0.667
0.778
0.632
0.667
0.857
0.600
0.900
0.889
0.833
0.706
0.909
0.556
0.632
0.706
0.600
0.800
0.875
1.000
0.632
0.526
0.800
0.947
0.947
0.533
0.706
0.632
0.900
1.000
0.857
0.857
0.714
0.667
0.632
0.889
0.875
0.632
0.632
0.870
0.800
0.750
0.875
1.000
0.857
0.333
0.625
0.462
0.971
0.545
0.588
0.941
0.875
0.778
0.727
0.353
0.600
0.667
0.917
0.889
0.833
0.947
0.889
0.400
0.889
0.800
0.933
0.667
0.571
0.889
0.870
0.800
0.667
0.818
0.526
1.000
0.667
0.750
0.750
0.706
0.857
0.600
0.600
0.667
0.667
0.600
0.625
0.833
0.600
0.667
0.750
0.750
0.714
1.000
0.706
0.545
0.706
0.364
0.778
0.609
0.769
0.667
0.889
0.714
0.762
0.947
0.889
0.786
0.400
0.857
0.750
0.857
0.778
0.833
0.533
0.750
0.923
0.778
0.600
0.909
0.923
0.889
0.800
0.952
0.941
0.667
0.917
0.769
0.667
0.857
0.833
0.706
0.667
0.632
0.571
0.632
0.842
0.778
0.750
0.909
0.778
0.667
0.833
0.625
0.625
0.727
1.000
1.000
0.600
0.600
0.667
0.632
0.286
0.400
0.824
0.923
0.824
0.857
0.706
0.947
0.824
0.818
0.571
0.600
0.667
0.933
0.706
0.800
0.857
0.833
0.615
1.000
0.875
0.400
0.923
0.600
0.625
0.824
0.750
0.471
0.842
0.923
0.471
0.952
0.800
0.571
0.800
0.706
0.400
0.154
0.667
0.933
0.769
0.667
0.632
0.600
0.769
0.750
0.769
0.500
0.571
0.857
0.941
0.909
0.667
0.800
0.333
0.556
0.800
0.571
0.870
0.222
0.235
0.824
0.947
0.833
0.769
1.000
0.667
0.714
0.706
0.800
0.960
0.824
0.800
0.571
0.800
0.762
0.900
0.875
0.769
0.556
0.941
0.750
0.759
0.750
0.737
0.556
1.000
0.353
0.952
0.909
0.947
0.556
0.714
0.588
1.000
0.533
0.769
0.714
0.632
0.632
0.714
0.333
0.471
0.333
0.250
0.111
0.182
0.571
0.267
0.235
0.286
0.222
0.222
0.125
0.154
0.588
0.667
0.400
0.462
0.471
0.632
0.421
0.429
0.444
0.421
0.308
0.556
0.471
0.308
0.429
0.750
0.875
0.556
0.632
