-0.372
20.939
1.000
17.565
17.840
11.038
7.574
16.793
24.431
20.954
10.588
3.675
3.927
15.355
24.946
6.059
1.158
22.779
17.156
26.659
4.221
22.508
19.618
18.251
15.900
13.692
10.326
13.692
25.493
3.994
10.201
11.778
4.727
24.245
20.353
15.841
22.411
23.233
28.252
14.193
19.877
22.348
15.172
26.994
11.979
1.000
21.925
18.009
7.828
21.871
19.265
23.796
8.504
19.122
19.552
24.814
21.936
10.334
16.535
19.055
20.193
14.718
28.180
20.684
22.407
21.213
20.954
16.633
20.290
27.859
24.081
26.665
23.515
19.741
22.722
25.372
17.743
23.793
21.833
22.512
25.498
19.328
22.800
28.369
19.237
21.752
24.261
22.599
10.566
18.973
16.890
20.798
16.294
19.212
27.676
20.161
23.946
23.762
23.605
23.961
23.917
21.665
20.369
0.000
25.425
22.918
0.000
22.897
21.620
23.423
3.994
29.063
18.960
28.657
22.420
20.565
25.561
18.933
20.565
28.369
20.436
25.456
29.063
25.519
24.997
23.388
28.146
15.548
27.048
