0.540
7.349
10.423
5.886
2.306
7.739
8.255
7.142
7.686
7.690
8.871
4.910
6.547
8.890
7.817
7.678
0.000
7.912
7.270
7.896
2.334
5.646
10.882
3.979
9.645
6.715
3.258
2.334
6.762
2.855
9.598
8.502
8.311
9.167
6.652
5.414
2.332
6.460
7.585
10.322
4.470
8.031
5.885
8.886
3.258
2.334
2.334
6.763
7.585
8.479
8.372
2.306
8.064
6.538
7.585
6.125
3.979
9.422
7.585
7.276
4.402
4.053
9.251
3.337
1.290
6.838
3.979
2.306
4.836
7.519
5.176
2.334
3.979
2.306
0.000
9.167
8.435
7.806
5.279
8.414
4.402
3.907
2.306
7.107
4.470
7.600
7.585
9.095
7.549
8.233
3.012
5.739
9.049
10.659
8.849
7.591
9.841
8.343
10.388
8.435
3.012
5.654
5.739
2.306
7.544
6.182
5.053
6.561
6.693
4.861
3.037
8.245
9.416
6.101
4.385
4.235
7.427
8.321
8.528
4.402
5.922
2.334
3.258
7.809
2.224
3.979
4.076
2.224
3.907
6.061
2.334
7.585
5.408
7.490
2.334
7.439
3.292
4.518
2.334
1.290
3.848
5.585
9.614
6.257
2.306
4.693
6.825
7.427
3.140
2.334
5.710
7.585
7.374
7.125
7.372
4.053
2.332
2.334
6.715
5.585
5.710
4.518
7.809
6.452
4.752
6.561
8.052
9.104
0.802
2.645
2.645
8.593
6.394
4.402
5.408
6.505
5.585
5.885
3.337
4.518
4.969
10.096
6.616
5.073
7.427
7.076
0.802
7.143
7.544
6.625
5.279
6.257
7.519
7.393
6.061
3.258
8.206
2.332
9.482
5.885
2.334
6.880
5.395
6.583
4.969
4.969
3.907
7.142
2.334
2.306
4.861
3.734
2.334
2.334
9.006
4.936
10.534
2.334
2.620
3.258
0.802
6.394
5.268
3.292
5.710
7.608
3.979
6.028
6.825
9.468
5.414
3.337
4.004
3.144
7.990
5.679
5.267
2.298
2.334
9.295
5.973
2.334
8.856
8.031
6.550
6.452
8.094
7.380
2.620
11.000
5.967
3.848
8.905
5.646
5.710
3.907
4.969
6.962
2.334
7.544
6.484
4.076
6.838
4.946
4.076
7.490
4.402
4.402
6.019
8.464
7.735
4.969
3.336
5.710
2.334
0.596
3.037
5.922
7.591
5.715
6.061
3.979
7.078
5.911
7.264
3.611
2.334
5.718
8.218
3.979
4.004
4.004
5.073
4.385
11.098
6.460
2.620
7.114
2.620
4.235
7.958
5.841
2.620
7.035
3.734
3.140
8.435
3.258
3.886
4.752
2.334
2.855
0.000
2.334
8.298
2.306
2.334
4.969
4.969
4.263
2.334
4.583
2.855
2.334
5.958
5.408
6.838
3.258
6.125
3.337
2.306
9.104
2.334
6.838
0.802
0.802
6.394
8.435
6.440
5.081
9.251
3.800
5.819
5.691
4.693
9.162
7.428
6.428
2.334
6.616
6.125
6.763
5.206
6.109
4.402
6.380
6.205
5.414
5.720
5.268
4.402
4.946
3.337
7.544
6.838
7.585
2.306
2.306
2.332
7.374
2.645
5.073
5.162
6.263
3.979
4.934
0.596
1.532
0.596
0.596
0.000
0.000
3.140
0.596
0.596
0.596
0.596
0.596
0.000
0.000
2.334
3.734
3.337
2.334
1.532
2.334
1.532
3.337
1.532
1.532
0.802
2.306
1.532
0.596
1.290
3.258
5.206
2.306
3.258
