0.546
0.301
1.000
0.178
0.155
0.242
0.157
0.076
1.000
1.000
0.125
0.000
0.000
1.000
1.000
0.204
0.582
1.000
0.084
0.182
0.336
0.167
0.222
0.190
0.129
0.122
0.091
0.122
0.334
0.260
0.111
0.100
0.272
0.055
0.111
0.066
0.052
0.349
0.177
0.402
0.084
0.377
0.087
0.575
0.164
1.000
0.224
0.916
0.235
0.185
0.115
0.059
0.115
0.273
0.093
0.057
0.111
0.067
0.059
0.163
0.059
0.074
0.070
0.102
0.071
0.065
0.074
0.064
0.190
0.099
0.423
0.078
0.057
0.057
0.067
0.113
0.054
0.080
0.065
0.104
0.138
0.065
0.063
0.106
0.088
0.065
0.066
0.071
0.108
0.071
0.086
0.150
0.100
0.076
0.082
0.062
0.315
0.055
0.057
0.073
0.054
0.094
0.061
0.256
0.088
0.072
0.121
0.137
0.055
0.047
0.250
0.089
0.056
0.088
0.056
0.052
0.068
0.147
0.052
0.102
0.063
0.066
0.093
0.059
0.068
0.085
0.083
0.068
0.056
