0.592
0.892
0.917
0.769
0.252
0.804
0.871
0.866
1.000
1.000
0.894
0.787
0.939
1.000
1.000
0.816
0.000
0.877
1.000
0.798
0.397
0.704
1.000
0.413
1.000
0.743
0.321
0.267
0.986
0.279
1.000
0.855
0.930
0.983
1.000
0.527
0.223
0.876
0.887
0.898
0.602
0.867
0.577
0.761
0.359
0.275
0.292
0.608
0.782
1.000
0.767
0.290
0.805
0.918
0.821
0.645
0.448
0.914
0.738
1.000
0.472
0.474
0.893
0.325
0.125
0.934
0.385
0.220
0.464
0.947
0.605
0.376
0.372
0.272
0.000
0.932
0.835
1.000
0.552
1.000
0.457
0.551
0.290
0.663
0.528
0.964
0.850
1.000
0.673
0.908
0.375
0.676
0.973
0.907
0.976
0.822
0.943
0.897
0.922
0.873
0.355
0.637
0.808
0.234
0.697
0.710
0.463
0.637
0.826
0.495
0.623
0.830
0.963
0.690
0.499
0.728
0.934
1.000
0.940
0.498
0.728
0.211
0.351
0.862
0.611
0.432
0.464
0.212
0.498
0.722
0.303
0.880
0.665
0.678
0.345
0.893
0.320
0.499
0.329
0.152
0.524
0.566
1.000
0.850
0.205
0.654
0.878
0.823
0.382
0.302
0.683
0.863
1.000
0.882
0.862
0.409
0.270
0.291
0.765
0.588
0.660
0.580
0.750
0.766
0.565
0.772
1.000
0.887
0.100
0.377
0.298
0.895
0.704
0.441
0.678
0.829
0.516
0.602
0.333
0.538
0.707
0.909
0.886
0.680
0.821
0.854
0.081
0.699
0.674
0.868
0.453
0.724
0.842
0.889
0.662
0.372
0.881
0.267
1.000
0.594
0.368
0.644
0.495
0.663
0.454
0.591
0.397
0.797
0.309
0.258
0.575
0.446
0.250
0.400
1.000
0.481
1.000
0.311
0.338
0.333
0.077
0.619
0.512
0.533
0.639
0.798
0.531
0.794
0.872
0.928
0.517
0.440
0.700
0.404
0.988
0.699
0.709
0.227
0.269
0.886
0.770
0.299
0.863
0.867
0.722
0.688
0.875
0.961
0.501
0.950
0.652
0.517
0.901
0.820
0.729
0.452
0.582
0.650
0.238
0.782
0.617
0.376
0.900
0.683
0.360
0.695
0.452
0.476
0.732
1.000
1.000
0.528
0.444
0.660
0.281
0.066
0.302
0.722
0.711
0.628
0.572
0.442
0.892
0.754
0.793
0.442
0.346
0.820
0.848
0.358
0.525
0.656
0.642
0.506
1.000
0.770
0.341
0.846
0.463
0.488
0.836
0.768
0.268
0.879
0.669
0.315
0.968
0.436
0.422
0.685
0.390
0.332
0.000
0.304
0.934
0.302
0.276
0.663
0.529
0.557
0.294
0.512
0.290
0.226
0.715
0.804
0.900
0.353
0.654
0.315
0.245
0.977
0.276
0.754
0.081
0.078
0.583
0.945
0.585
0.654
1.000
0.408
0.684
0.783
0.453
0.926
0.799
0.629
0.297
0.731
0.622
0.770
0.702
0.772
0.504
0.855
0.653
0.647
0.600
0.519
0.416
1.000
0.332
0.828
0.934
0.930
0.284
0.234
0.254
1.000
0.299
0.559
0.686
0.713
0.440
0.575
0.083
0.180
0.066
0.056
0.000
0.000
0.349
0.062
0.058
0.081
0.056
0.065
0.000
0.000
0.260
0.333
0.307
0.215
0.187
0.316
0.162
0.312
0.172
0.172
0.092
0.239
0.202
0.081
0.139
0.388
0.676
0.244
0.298
