0.527
0.639
0.101
0.620
0.316
0.998
0.879
0.759
1.000
0.174
0.927
0.507
0.500
1.000
1.000
0.828
0.000
0.841
1.000
0.859
0.254
0.607
1.000
0.187
0.173
0.762
0.327
0.222
0.999
0.181
0.432
0.186
0.928
0.999
1.000
0.612
0.342
0.670
0.868
0.999
0.660
0.655
0.523
0.781
0.325
0.179
0.182
0.271
0.786
1.000
0.581
0.193
0.687
0.996
0.796
0.769
0.312
0.074
0.665
0.698
0.097
0.683
1.000
0.113
0.073
0.977
0.000
0.108
0.282
0.972
0.302
0.234
0.314
0.314
0.000
0.885
0.166
1.000
0.106
1.000
0.309
0.629
0.193
0.843
0.186
0.909
0.803
1.000
0.267
0.000
0.000
0.869
1.000
0.765
0.994
0.717
0.984
0.895
0.394
0.841
0.268
0.197
0.914
0.186
0.493
0.411
0.339
0.860
0.840
0.264
0.798
0.244
0.993
0.557
0.380
0.823
0.870
1.000
0.951
0.354
0.739
0.132
0.297
0.790
0.464
0.230
0.591
0.149
0.393
0.314
0.190
0.803
0.590
0.274
0.233
0.781
0.271
0.238
0.217
0.118
0.661
0.237
1.000
0.758
0.208
0.490
0.930
0.916
0.201
0.189
0.749
0.738
1.000
0.998
0.194
0.704
0.520
0.227
0.762
0.595
0.762
0.480
0.150
0.655
0.414
0.802
1.000
0.920
0.124
0.390
0.207
0.975
0.566
0.095
0.707
0.747
0.170
0.571
0.458
0.391
0.749
0.862
0.809
0.872
0.788
0.864
0.088
0.797
0.820
0.659
0.639
0.692
0.738
0.502
0.927
0.376
0.174
0.000
0.240
0.575
0.244
0.879
0.481
0.887
0.199
0.323
0.241
0.758
0.231
0.262
0.289
0.453
0.089
0.264
1.000
0.683
1.000
0.320
0.619
0.240
0.096
0.107
0.354
0.638
0.716
0.586
0.225
0.632
0.941
0.940
0.627
0.527
0.794
0.452
0.235
0.378
0.794
0.308
0.184
0.480
0.877
0.240
0.830
0.173
0.169
0.618
0.986
0.999
0.539
0.993
0.773
0.440
0.912
0.504
0.829
0.344
0.626
0.456
0.230
0.822
0.526
0.000
0.933
0.169
0.168
0.679
0.083
0.073
0.592
0.582
1.000
0.203
0.427
0.762
0.160
0.000
0.000
0.753
0.513
0.558
0.526
0.434
0.312
0.456
0.760
0.000
0.339
0.790
0.980
0.350
0.512
0.632
0.872
0.353
1.000
0.794
0.491
0.986
0.617
0.000
0.944
0.665
0.339
0.098
0.625
0.253
0.230
0.795
0.207
0.591
0.328
0.000
0.000
0.235
0.826
0.226
0.234
0.444
0.394
0.492
0.222
0.000
0.235
0.145
0.342
0.737
0.933
0.316
0.724
0.484
0.217
0.975
0.245
0.691
0.067
0.060
0.194
0.895
0.571
0.585
0.472
0.577
0.356
0.432
0.465
0.892
0.770
0.793
0.206
0.745
0.721
0.749
0.622
0.805
0.099
0.684
0.000
0.737
0.227
0.628
0.786
1.000
0.000
0.146
0.977
0.812
0.323
0.186
0.186
1.000
0.420
0.782
0.440
0.173
0.376
0.587
0.000
0.000
0.000
0.211
0.000
0.000
0.000
0.000
0.000
0.000
0.182
0.000
0.000
0.000
0.000
0.000
0.481
0.154
0.093
0.195
0.096
0.304
0.098
0.131
0.275
0.083
0.152
0.000
0.122
0.116
0.799
0.191
0.000
