0.547
0.132
1.000
0.695
0.681
0.800
0.566
0.245
1.000
0.182
0.530
0.890
0.880
1.000
1.000
0.830
0.993
1.000
0.100
0.102
0.847
0.121
0.137
0.147
0.166
0.189
0.241
0.189
0.896
0.853
0.349
0.141
0.939
0.111
0.647
0.000
0.000
0.202
0.663
0.265
0.117
0.777
0.287
1.000
0.607
1.000
0.929
1.000
0.861
0.962
0.824
0.461
0.598
0.507
0.285
0.253
0.077
0.345
0.166
0.090
0.304
0.146
0.000
0.458
0.216
0.239
0.083
0.309
0.746
0.224
0.186
0.400
0.000
0.203
0.000
0.523
0.361
0.705
0.209
0.253
0.305
0.000
0.179
0.501
0.207
0.210
0.069
0.199
0.332
0.219
0.230
0.429
0.489
0.498
0.232
0.202
0.327
0.072
0.073
0.110
0.000
0.197
0.000
0.000
0.435
0.258
0.000
0.090
0.247
0.000
0.853
0.282
0.000
0.376
0.120
0.083
0.000
0.097
0.083
0.000
0.000
0.086
0.406
0.065
0.187
0.220
0.000
0.175
0.197
