0.589
0.894
1.000
0.719
0.679
0.920
0.832
0.711
0.659
0.835
0.704
0.276
1.000
0.789
1.000
0.772
0.666
0.770
0.906
0.754
0.770
0.000
0.288
0.000
0.000
1.000
1.000
0.778
0.831
0.963
0.856
1.000
0.228
0.161
0.774
0.748
0.092
0.722
0.864
0.797
0.832
0.788
0.615
0.578
0.309
0.578
0.655
0.847
0.728
0.874
0.781
0.810
0.817
0.305
0.840
0.365
0.261
0.880
0.152
0.579
0.490
0.695
0.484
0.490
0.076
0.860
0.061
0.888
0.500
0.896
0.366
0.913
0.306
0.959
0.726
1.000
0.770
0.610
1.000
0.753
0.994
0.190
0.790
0.809
0.615
0.297
0.633
0.787
0.402
0.785
0.084
0.495
0.454
0.667
0.864
0.248
0.000
0.226
0.672
0.081
0.198
0.256
0.089
0.346
0.335
0.076
0.114
0.314
0.693
0.378
0.905
0.307
0.068
0.255
0.295
0.599
0.212
0.514
0.077
0.385
0.371
0.567
0.182
0.403
0.074
0.231
0.268
0.606
0.063
0.642
0.501
0.306
0.303
0.299
0.084
0.432
0.316
0.329
0.669
0.374
0.301
0.583
0.096
0.213
0.871
0.083
0.131
0.136
0.112
0.063
0.555
0.212
0.842
0.155
0.369
0.369
0.085
0.559
0.359
0.595
0.065
0.135
0.608
0.830
0.438
0.385
0.334
0.067
0.214
0.123
0.614
0.123
0.545
0.102
0.396
0.232
0.414
0.091
0.372
0.395
0.211
0.368
0.494
0.254
0.255
0.087
0.066
0.246
0.065
0.305
