0.601
0.500
1.000
0.143
0.167
0.250
0.143
0.125
1.000
1.000
0.200
0.333
0.333
1.000
1.000
0.500
0.500
1.000
0.100
0.500
0.500
0.333
0.333
0.250
0.167
0.250
0.333
0.250
0.333
0.333
0.250
0.167
0.500
0.059
0.200
0.083
0.083
0.333
0.167
0.500
0.167
0.500
0.167
0.333
0.333
1.000
0.333
0.500
0.500
0.333
0.250
0.091
0.333
0.333
0.200
0.100
0.167
0.143
0.125
0.167
0.143
0.100
0.125
0.143
0.111
0.100
0.100
0.125
0.250
0.200
0.333
0.143
0.091
0.083
0.167
0.200
0.200
0.250
0.100
0.167
0.250
0.143
0.091
0.200
0.167
0.167
0.111
0.125
0.250
0.111
0.167
0.333
0.125
0.143
0.111
0.125
0.333
0.167
0.200
0.091
0.077
0.167
0.091
0.250
0.143
0.100
0.200
0.167
0.091
0.083
0.200
0.200
0.071
0.143
0.125
0.111
0.091
0.143
0.111
0.143
0.083
0.091
0.143
0.100
0.167
0.167
0.167
0.200
0.091
