0.321
0.852
0.894
1.000
0.674
0.374
0.330
0.719
0.679
0.000
0.000
0.835
0.704
0.276
0.483
0.455
0.414
0.372
0.494
0.545
0.368
0.537
0.483
1.000
1.000
0.666
0.091
0.000
0.189
0.180
0.293
0.000
0.000
0.112
0.684
0.595
1.000
1.000
0.778
0.963
1.000
0.161
0.774
0.947
0.986
0.000
0.226
0.123
0.599
0.123
0.136
0.254
0.131
0.214
0.864
0.996
0.883
0.677
0.483
0.812
0.067
0.096
0.797
0.832
0.788
0.615
0.578
0.309
0.578
0.126
0.874
0.592
0.197
0.191
0.242
0.651
0.840
0.830
0.365
0.261
0.782
0.672
0.614
0.764
0.880
0.152
0.102
0.093
0.134
0.067
0.693
0.989
0.114
0.378
0.089
0.438
0.000
0.557
0.299
0.063
0.065
0.796
0.182
0.000
0.555
0.213
0.259
0.076
0.303
0.077
0.236
0.212
0.650
0.443
0.490
0.085
0.155
0.336
0.159
0.081
0.076
0.669
0.061
0.080
0.000
0.888
0.905
0.335
0.068
0.501
0.842
0.500
0.114
0.000
0.256
0.429
0.551
0.141
0.000
0.000
0.896
0.346
0.334
0.366
0.913
0.306
0.198
0.189
0.959
0.514
0.369
0.726
0.062
1.000
0.080
0.524
0.301
0.457
0.074
0.000
0.753
0.234
0.374
0.084
0.994
0.069
0.264
0.084
0.699
0.316
0.085
0.790
0.809
0.615
0.297
0.461
0.206
0.385
0.307
0.744
0.633
0.559
0.336
0.301
0.787
0.402
0.075
0.084
0.070
0.720
0.212
0.000
0.306
0.350
0.082
0.065
0.087
0.871
0.314
0.421
0.178
0.000
0.567
0.329
0.432
0.454
0.000
0.248
0.295
0.334
0.353
0.250
