0.612
0.819
0.670
0.659
0.199
0.819
0.670
0.818
1.000
1.000
0.819
0.670
0.819
1.000
1.000
0.670
0.000
0.449
0.995
0.670
0.669
0.442
1.000
0.362
1.000
0.549
0.201
0.301
0.805
0.138
0.995
0.818
0.818
0.819
0.984
0.449
0.233
0.805
0.670
0.549
0.157
0.670
0.520
0.449
0.366
0.449
0.449
0.540
0.670
0.999
0.549
0.442
0.667
0.819
0.670
0.447
0.447
0.670
0.549
1.000
0.243
0.362
0.819
0.301
0.076
0.670
0.366
0.296
0.442
0.819
0.425
0.546
0.245
0.243
0.000
0.818
0.670
1.000
0.307
1.000
0.540
0.540
0.442
0.449
0.348
0.549
0.670
0.999
0.549
0.818
0.285
0.669
0.819
0.670
0.819
0.819
0.819
0.670
0.549
0.819
0.296
0.300
0.669
0.442
0.449
0.540
0.348
0.669
0.549
0.362
0.683
0.815
0.805
0.549
0.296
0.805
0.670
0.984
0.818
0.546
0.449
0.246
0.245
0.670
0.667
0.362
0.449
0.245
0.362
0.667
0.301
0.670
0.670
0.659
0.548
0.670
0.199
0.367
0.548
0.375
0.635
0.669
1.000
0.819
0.163
0.546
0.819
0.819
0.233
0.548
0.367
0.670
0.999
0.667
0.667
0.442
0.362
0.367
0.670
0.669
0.367
0.549
0.549
0.670
0.447
0.669
1.000
0.667
0.108
0.296
0.206
0.819
0.301
0.243
0.818
0.669
0.449
0.520
0.092
0.449
0.670
0.670
0.670
0.659
0.819
0.670
0.162
0.670
0.449
0.818
0.362
0.549
0.549
0.549
0.546
0.300
0.449
0.191
0.995
0.425
0.669
0.546
0.549
0.667
0.368
0.449
0.375
0.670
0.301
0.296
0.659
0.201
0.301
0.669
1.000
0.442
1.000
0.548
0.307
0.366
0.132
0.449
0.449
0.540
0.449
0.670
0.442
0.368
0.819
0.670
0.301
0.138
0.667
0.447
0.819
0.540
0.659
0.251
0.669
0.815
0.449
0.301
0.670
0.670
0.670
0.670
0.819
0.818
0.458
0.670
0.540
0.425
0.667
0.659
0.548
0.425
0.549
0.549
0.367
0.549
0.449
0.447
0.670
0.669
0.246
0.670
0.296
0.296
0.520
1.000
0.999
0.368
0.375
0.449
0.367
0.073
0.138
0.548
0.670
0.548
0.667
0.366
0.819
0.548
0.449
0.285
0.301
0.549
0.818
0.366
0.546
0.667
0.659
0.348
0.999
0.669
0.138
0.815
0.375
0.296
0.548
0.447
0.168
0.549
0.815
0.157
0.819
0.546
0.442
0.546
0.548
0.138
0.000
0.449
0.818
0.540
0.449
0.549
0.449
0.540
0.669
0.540
0.251
0.246
0.667
0.818
0.670
0.300
0.546
0.076
0.199
0.670
0.246
0.549
0.033
0.040
0.548
0.819
0.659
0.540
1.000
0.362
0.442
0.670
0.546
0.819
0.548
0.546
0.246
0.449
0.447
0.670
0.669
0.540
0.199
0.818
0.447
0.247
0.447
0.367
0.199
0.999
0.092
0.819
0.670
0.819
0.199
0.442
0.243
0.999
0.233
0.540
0.442
0.367
0.245
0.442
0.108
0.157
0.108
0.049
0.000
0.000
0.285
0.060
0.040
0.073
0.033
0.033
0.000
0.000
0.246
0.300
0.138
0.091
0.157
0.367
0.105
0.168
0.128
0.105
0.089
0.199
0.157
0.089
0.168
0.447
0.669
0.199
0.245
