          n.rank1   n.rank2   n.rank3   n.rank4   p.rank1   p.rank2   p.rank3
n.rank1 1.0000000 0.8944272 0.6454972 0.5000000 1.0000000 0.9176629 0.7826238
n.rank2 0.8944272 1.0000000 0.5773503 0.4472136 0.8944272 0.8207827 0.5000000
n.rank3 0.6454972 0.5773503 1.0000000 0.0000000 0.6454972 0.8885233 0.5773503
n.rank4 0.5000000 0.4472136 0.0000000 1.0000000 0.5000000 0.2294157 0.6708204
p.rank1 1.0000000 0.8944272 0.6454972 0.5000000 1.0000000 0.9176629 0.7826238
p.rank2 0.9176629 0.8207827 0.8885233 0.2294157 0.9176629 1.0000000 0.7181848
p.rank3 0.7826238 0.5000000 0.5773503 0.6708204 0.7826238 0.7181848 1.0000000
CGM     0.8944272 0.9000000 0.8660254 0.2236068 0.8944272 0.9746794 0.6000000
Wu.Palm 0.9176629 0.8207827 0.8885233 0.2294157 0.9176629 1.0000000 0.7181848
Rada    0.6454972 0.5773503 1.0000000 0.0000000 0.6454972 0.8885233 0.5773503
L.Ch    0.6454972 0.5773503 1.0000000 0.0000000 0.6454972 0.8885233 0.5773503
Li      0.9176629 0.8207827 0.8885233 0.2294157 0.9176629 1.0000000 0.7181848
              CGM   Wu.Palm      Rada      L.Ch        Li
n.rank1 0.8944272 0.9176629 0.6454972 0.6454972 0.9176629
n.rank2 0.9000000 0.8207827 0.5773503 0.5773503 0.8207827
n.rank3 0.8660254 0.8885233 1.0000000 1.0000000 0.8885233
n.rank4 0.2236068 0.2294157 0.0000000 0.0000000 0.2294157
p.rank1 0.8944272 0.9176629 0.6454972 0.6454972 0.9176629
p.rank2 0.9746794 1.0000000 0.8885233 0.8885233 1.0000000
p.rank3 0.6000000 0.7181848 0.5773503 0.5773503 0.7181848
CGM     1.0000000 0.9746794 0.8660254 0.8660254 0.9746794
Wu.Palm 0.9746794 1.0000000 0.8885233 0.8885233 1.0000000
Rada    0.8660254 0.8885233 1.0000000 1.0000000 0.8885233
L.Ch    0.8660254 0.8885233 1.0000000 1.0000000 0.8885233
Li      0.9746794 1.0000000 0.8885233 0.8885233 1.0000000
